==> run_hypdp_cluster.sh.o199199 <==
Best: -31.0 	[1,2,1,1,1,0,0,2,0,0,2,1,1,2,2,1,0,1,2,2,0,0,1,0,1,2,2,1,1,1,1,2,1,1,2,2,1,0,0,1,1,0,2,0,1,0,1,1,1,2,2,1,0,0,1,2,2,1]
-31.0:[1, 2, 1, 1, 1, 0, 0, 2, 0, 0, 2, 1, 1, 2, 2, 1, 0, 1, 2, 2, 0, 0, 1, 0, 1, 2, 2, 1, 1, 1, 1, 2, 1, 1, 2, 2, 1, 0, 0, 1, 1, 0, 2, 0, 1, 0, 1, 1, 1, 2, 2, 1, 0, 0, 1, 2, 2, 1]
End Time: Ter Jul 5 07:46:04 BRT 2016 --- run in 1:46:37 ---

==> run_hypdp_cluster.sh.o199200 <==
Best: -28.0 	[1,2,1,0,0,1,1,2,0,0,1,0,2,2,1,2,1,1,0,0,1,1,2,1,0,0,1,2,1,2,1,2,0,2,0,0,1,0,2,2,1,2,1,1,1,2,1,0,2,1,0,0,2,2,0,2,1,0]
-28.0:[1, 2, 1, 0, 0, 1, 1, 2, 0, 0, 1, 0, 2, 2, 1, 2, 1, 1, 0, 0, 1, 1, 2, 1, 0, 0, 1, 2, 1, 2, 1, 2, 0, 2, 0, 0, 1, 0, 2, 2, 1, 2, 1, 1, 1, 2, 1, 0, 2, 1, 0, 0, 2, 2, 0, 2, 1, 0]
End Time: Ter Jul 5 07:45:34 BRT 2016 --- run in 1:45:52 ---

==> run_hypdp_cluster.sh.o199201 <==
Best: -33.0 	[1,1,1,1,0,0,1,1,2,2,1,1,1,0,0,1,1,1,1,2,1,2,2,0,1,0,0,2,1,0,0,2,1,0,1,2,2,0,0,1,0,1,2,2,1,1,2,1,1,1,2,1,0,0,1,1,0,2]
-33.0:[1, 1, 1, 1, 0, 0, 1, 1, 2, 2, 1, 1, 1, 0, 0, 1, 1, 1, 1, 2, 1, 2, 2, 0, 1, 0, 0, 2, 1, 0, 0, 2, 1, 0, 1, 2, 2, 0, 0, 1, 0, 1, 2, 2, 1, 1, 2, 1, 1, 1, 2, 1, 0, 0, 1, 1, 0, 2]
End Time: Ter Jul 5 07:47:50 BRT 2016 --- run in 1:46:53 ---

==> run_hypdp_cluster.sh.o199202 <==
Best: -30.0 	[1,2,1,2,0,0,1,0,1,1,1,1,1,1,1,2,2,1,1,0,2,2,0,1,1,0,0,1,2,1,0,0,2,2,0,0,1,2,1,2,2,0,0,2,0,0,1,2,0,0,2,2,1,2,1,0,0,2]
-30.0:[1, 2, 1, 2, 0, 0, 1, 0, 1, 1, 1, 1, 1, 1, 1, 2, 2, 1, 1, 0, 2, 2, 0, 1, 1, 0, 0, 1, 2, 1, 0, 0, 2, 2, 0, 0, 1, 2, 1, 2, 2, 0, 0, 2, 0, 0, 1, 2, 0, 0, 2, 2, 1, 2, 1, 0, 0, 2]
End Time: Ter Jul 5 07:51:10 BRT 2016 --- run in 1:48:13 ---

==> run_hypdp_cluster.sh.o199203 <==
Best: -27.0 	[1,1,2,2,0,0,1,0,1,2,2,0,1,1,0,1,0,1,1,1,1,2,1,1,1,2,1,1,2,1,2,2,0,0,1,0,1,1,1,1,2,0,1,0,1,0,1,1,1,2,2,1,0,0,1,2,2,1]
-27.0:[1, 1, 2, 2, 0, 0, 1, 0, 1, 2, 2, 0, 1, 1, 0, 1, 0, 1, 1, 1, 1, 2, 1, 1, 1, 2, 1, 1, 2, 1, 2, 2, 0, 0, 1, 0, 1, 1, 1, 1, 2, 0, 1, 0, 1, 0, 1, 1, 1, 2, 2, 1, 0, 0, 1, 2, 2, 1]
End Time: Ter Jul 5 07:51:52 BRT 2016 --- run in 1:48:10 ---

==> run_hypdp_cluster.sh.o199204 <==
Best: -29.0 	[2,2,1,0,0,1,1,0,1,2,0,1,1,2,2,1,1,1,2,0,1,2,1,1,0,0,1,1,1,1,1,1,1,0,0,1,1,1,2,2,1,1,1,0,0,2,0,0,2,2,1,2,1,0,1,0,0,2]
-29.0:[2, 2, 1, 0, 0, 1, 1, 0, 1, 2, 0, 1, 1, 2, 2, 1, 1, 1, 2, 0, 1, 2, 1, 1, 0, 0, 1, 1, 1, 1, 1, 1, 1, 0, 0, 1, 1, 1, 2, 2, 1, 1, 1, 0, 0, 2, 0, 0, 2, 2, 1, 2, 1, 0, 1, 0, 0, 2]
End Time: Ter Jul 5 07:52:18 BRT 2016 --- run in 1:47:51 ---

==> run_hypdp_cluster.sh.o199205 <==
Best: -32.0 	[1,2,2,1,0,0,1,2,2,1,1,2,0,0,1,0,1,1,1,2,1,2,2,0,0,1,0,2,1,0,0,1,2,1,0,0,2,1,2,2,0,1,1,0,1,1,0,0,1,2,2,1,0,0,2,2,1,1]
-32.0:[1, 2, 2, 1, 0, 0, 1, 2, 2, 1, 1, 2, 0, 0, 1, 0, 1, 1, 1, 2, 1, 2, 2, 0, 0, 1, 0, 2, 1, 0, 0, 1, 2, 1, 0, 0, 2, 1, 2, 2, 0, 1, 1, 0, 1, 1, 0, 0, 1, 2, 2, 1, 0, 0, 2, 2, 1, 1]
End Time: Ter Jul 5 07:53:38 BRT 2016 --- run in 1:48:41 ---

==> run_hypdp_cluster.sh.o199206 <==
Best: -30.0 	[2,0,1,0,2,2,1,1,1,2,0,0,2,1,2,1,2,1,1,1,2,0,0,1,1,2,0,0,1,0,1,2,1,1,1,1,2,2,1,1,1,0,1,1,0,1,0,0,2,2,1,2,0,0,2,0,1,1]
-30.0:[2, 0, 1, 0, 2, 2, 1, 1, 1, 2, 0, 0, 2, 1, 2, 1, 2, 1, 1, 1, 2, 0, 0, 1, 1, 2, 0, 0, 1, 0, 1, 2, 1, 1, 1, 1, 2, 2, 1, 1, 1, 0, 1, 1, 0, 1, 0, 0, 2, 2, 1, 2, 0, 0, 2, 0, 1, 1]
End Time: Ter Jul 5 07:53:53 BRT 2016 --- run in 1:48:41 ---

==> run_hypdp_cluster.sh.o199207 <==
Best: -32.0 	[1,1,1,1,0,1,1,0,0,1,2,1,1,2,1,2,2,0,0,1,1,2,2,0,0,1,0,1,2,0,0,1,1,2,1,2,2,0,0,1,0,1,1,1,2,2,1,1,1,1,2,1,0,0,1,1,0,1]
-32.0:[1, 1, 1, 1, 0, 1, 1, 0, 0, 1, 2, 1, 1, 2, 1, 2, 2, 0, 0, 1, 1, 2, 2, 0, 0, 1, 0, 1, 2, 0, 0, 1, 1, 2, 1, 2, 2, 0, 0, 1, 0, 1, 1, 1, 2, 2, 1, 1, 1, 1, 2, 1, 0, 0, 1, 1, 0, 1]
End Time: Ter Jul 5 07:55:18 BRT 2016 --- run in 1:49:6 ---

==> run_hypdp_cluster.sh.o199208 <==
Best: -29.0 	[0,0,2,1,0,2,0,1,2,0,0,2,2,1,2,1,0,2,2,1,0,0,2,1,0,0,1,2,2,1,1,2,1,1,2,1,0,0,2,1,0,2,0,1,0,0,2,0,2,2,0,1,2,0,0,2,2,1]
-29.0:[0, 0, 2, 1, 0, 2, 0, 1, 2, 0, 0, 2, 2, 1, 2, 1, 0, 2, 2, 1, 0, 0, 2, 1, 0, 0, 1, 2, 2, 1, 1, 2, 1, 1, 2, 1, 0, 0, 2, 1, 0, 2, 0, 1, 0, 0, 2, 0, 2, 2, 0, 1, 2, 0, 0, 2, 2, 1]
End Time: Ter Jul 5 07:55:33 BRT 2016 --- run in 1:49:6 ---

==> run_hypdp_cluster.sh.o199209 <==
Best: -29.0 	[1,1,1,1,2,2,1,0,0,2,0,0,2,2,1,2,1,0,2,2,1,0,0,1,1,2,1,2,2,0,1,1,2,0,0,1,0,2,0,0,2,2,1,1,0,0,1,2,1,0,1,1,1,0,2,2,0,1]
-29.0:[1, 1, 1, 1, 2, 2, 1, 0, 0, 2, 0, 0, 2, 2, 1, 2, 1, 0, 2, 2, 1, 0, 0, 1, 1, 2, 1, 2, 2, 0, 1, 1, 2, 0, 0, 1, 0, 2, 0, 0, 2, 2, 1, 1, 0, 0, 1, 2, 1, 0, 1, 1, 1, 0, 2, 2, 0, 1]
End Time: Ter Jul 5 07:56:16 BRT 2016 --- run in 1:49:34 ---

==> run_hypdp_cluster.sh.o199210 <==
Best: -29.0 	[2,2,1,0,0,1,2,2,1,1,0,0,2,1,0,0,1,2,2,1,1,1,1,0,1,1,1,0,1,1,0,1,0,1,2,2,1,1,2,1,0,2,1,0,1,0,0,2,1,0,2,2,1,2,1,0,0,1]
-29.0:[2, 2, 1, 0, 0, 1, 2, 2, 1, 1, 0, 0, 2, 1, 0, 0, 1, 2, 2, 1, 1, 1, 1, 0, 1, 1, 1, 0, 1, 1, 0, 1, 0, 1, 2, 2, 1, 1, 2, 1, 0, 2, 1, 0, 1, 0, 0, 2, 1, 0, 2, 2, 1, 2, 1, 0, 0, 1]
End Time: Ter Jul 5 07:56:48 BRT 2016 --- run in 1:49:21 ---

==> run_hypdp_cluster.sh.o199211 <==
Best: -30.0 	[1,1,1,1,2,1,2,0,0,1,0,1,2,2,1,1,2,1,1,1,2,1,1,0,1,1,1,0,1,0,1,0,2,2,1,2,0,1,0,0,2,2,1,1,0,0,1,1,2,2,1,0,1,0,0,2,2,1]
-30.0:[1, 1, 1, 1, 2, 1, 2, 0, 0, 1, 0, 1, 2, 2, 1, 1, 2, 1, 1, 1, 2, 1, 1, 0, 1, 1, 1, 0, 1, 0, 1, 0, 2, 2, 1, 2, 0, 1, 0, 0, 2, 2, 1, 1, 0, 0, 1, 1, 2, 2, 1, 0, 1, 0, 0, 2, 2, 1]
End Time: Ter Jul 5 07:57:37 BRT 2016 --- run in 1:49:55 ---

==> run_hypdp_cluster.sh.o199212 <==
Best: -32.0 	[1,0,1,1,2,2,0,0,1,2,1,1,0,2,2,1,2,1,1,0,0,1,1,1,0,2,1,2,2,0,2,1,1,1,1,0,0,2,0,0,2,2,1,2,1,1,2,0,2,1,0,0,1,2,1,0,0,1]
-32.0:[1, 0, 1, 1, 2, 2, 0, 0, 1, 2, 1, 1, 0, 2, 2, 1, 2, 1, 1, 0, 0, 1, 1, 1, 0, 2, 1, 2, 2, 0, 2, 1, 1, 1, 1, 0, 0, 2, 0, 0, 2, 2, 1, 2, 1, 1, 2, 0, 2, 1, 0, 0, 1, 2, 1, 0, 0, 1]
End Time: Ter Jul 5 08:24:45 BRT 2016 --- run in 1:48:3 ---

==> run_hypdp_cluster.sh.o199213 <==
Best: -30.0 	[1,1,1,1,0,0,1,1,2,2,1,1,1,1,0,1,1,1,1,0,1,0,0,2,2,0,0,2,2,1,2,1,1,1,0,1,0,0,2,2,1,2,0,0,2,0,0,1,1,1,2,2,1,0,1,2,2,0]
-30.0:[1, 1, 1, 1, 0, 0, 1, 1, 2, 2, 1, 1, 1, 1, 0, 1, 1, 1, 1, 0, 1, 0, 0, 2, 2, 0, 0, 2, 2, 1, 2, 1, 1, 1, 0, 1, 0, 0, 2, 2, 1, 2, 0, 0, 2, 0, 0, 1, 1, 1, 2, 2, 1, 0, 1, 2, 2, 0]
End Time: Ter Jul 5 09:42:22 BRT 2016 --- run in 2:27:20 ---

==> run_hypdp_cluster.sh.o199214 <==
Best: -30.0 	[1,2,2,0,0,1,0,2,0,0,2,0,1,1,2,2,1,1,1,2,0,0,1,2,2,0,0,2,2,0,2,2,0,2,2,0,0,2,0,0,1,1,2,1,1,2,2,1,0,1,1,0,0,1,2,2,1,0]
-30.0:[1, 2, 2, 0, 0, 1, 0, 2, 0, 0, 2, 0, 1, 1, 2, 2, 1, 1, 1, 2, 0, 0, 1, 2, 2, 0, 0, 2, 2, 0, 2, 2, 0, 2, 2, 0, 0, 2, 0, 0, 1, 1, 2, 1, 1, 2, 2, 1, 0, 1, 1, 0, 0, 1, 2, 2, 1, 0]
End Time: Ter Jul 5 09:42:45 BRT 2016 --- run in 2:27:13 ---

==> run_hypdp_cluster.sh.o199215 <==
Best: -31.0 	[0,2,1,1,0,0,2,2,1,2,0,0,1,1,0,0,2,1,1,1,0,0,2,2,1,1,1,2,1,2,2,0,0,1,1,2,2,0,0,2,2,0,0,1,0,2,0,0,2,2,0,0,2,0,1,2,2,1]
-31.0:[0, 2, 1, 1, 0, 0, 2, 2, 1, 2, 0, 0, 1, 1, 0, 0, 2, 1, 1, 1, 0, 0, 2, 2, 1, 1, 1, 2, 1, 2, 2, 0, 0, 1, 1, 2, 2, 0, 0, 2, 2, 0, 0, 1, 0, 2, 0, 0, 2, 2, 0, 0, 2, 0, 1, 2, 2, 1]
End Time: Ter Jul 5 09:01:50 BRT 2016 --- run in 1:45:38 ---

==> run_hypdp_cluster.sh.o199216 <==
Best: -30.0 	[1,1,1,2,0,0,1,2,2,1,0,0,1,1,0,1,1,0,2,1,2,2,0,1,1,0,0,1,2,2,1,1,2,1,1,1,2,2,0,1,0,0,2,0,1,1,0,2,0,0,2,2,0,0,2,1,0,1]
-30.0:[1, 1, 1, 2, 0, 0, 1, 2, 2, 1, 0, 0, 1, 1, 0, 1, 1, 0, 2, 1, 2, 2, 0, 1, 1, 0, 0, 1, 2, 2, 1, 1, 2, 1, 1, 1, 2, 2, 0, 1, 0, 0, 2, 0, 1, 1, 0, 2, 0, 0, 2, 2, 0, 0, 2, 1, 0, 1]
End Time: Ter Jul 5 09:44:28 BRT 2016 --- run in 2:28:11 ---

==> run_hypdp_cluster.sh.o199217 <==
Best: -32.0 	[2,2,1,2,0,0,2,1,2,2,0,0,1,0,1,1,0,1,1,1,1,2,2,1,1,1,1,0,1,1,0,0,1,2,2,1,0,0,1,2,2,1,1,1,0,0,1,1,1,2,0,1,2,2,1,0,0,1]
-32.0:[2, 2, 1, 2, 0, 0, 2, 1, 2, 2, 0, 0, 1, 0, 1, 1, 0, 1, 1, 1, 1, 2, 2, 1, 1, 1, 1, 0, 1, 1, 0, 0, 1, 2, 2, 1, 0, 0, 1, 2, 2, 1, 1, 1, 0, 0, 1, 1, 1, 2, 0, 1, 2, 2, 1, 0, 0, 1]
End Time: Ter Jul 5 09:44:20 BRT 2016 --- run in 2:27:33 ---

==> run_hypdp_cluster.sh.o199218 <==
Best: -30.0 	[0,0,1,2,2,0,2,2,0,0,2,1,1,1,0,1,1,0,0,1,2,1,1,1,1,2,1,1,1,1,2,2,1,1,1,0,1,1,0,0,1,2,1,1,2,1,2,2,0,0,1,0,2,2,0,2,1,1]
-30.0:[0, 0, 1, 2, 2, 0, 2, 2, 0, 0, 2, 1, 1, 1, 0, 1, 1, 0, 0, 1, 2, 1, 1, 1, 1, 2, 1, 1, 1, 1, 2, 2, 1, 1, 1, 0, 1, 1, 0, 0, 1, 2, 1, 1, 2, 1, 2, 2, 0, 0, 1, 0, 2, 2, 0, 2, 1, 1]
End Time: Ter Jul 5 09:44:49 BRT 2016 --- run in 2:28:2 ---

==> run_hypdp_cluster.sh.o199219 <==
Best: -27.0 	[2,0,1,1,1,2,2,1,1,1,1,1,0,1,1,1,1,1,1,1,0,0,1,2,2,0,0,2,0,0,1,1,2,1,1,1,2,2,1,1,0,1,1,0,1,0,0,2,2,1,2,1,1,1,0,2,2,0]
-27.0:[2, 0, 1, 1, 1, 2, 2, 1, 1, 1, 1, 1, 0, 1, 1, 1, 1, 1, 1, 1, 0, 0, 1, 2, 2, 0, 0, 2, 0, 0, 1, 1, 2, 1, 1, 1, 2, 2, 1, 1, 0, 1, 1, 0, 1, 0, 0, 2, 2, 1, 2, 1, 1, 1, 0, 2, 2, 0]
End Time: Ter Jul 5 09:44:49 BRT 2016 --- run in 2:27:17 ---

==> run_hypdp_cluster.sh.o199220 <==
Best: -31.0 	[1,0,1,1,2,2,1,0,2,2,0,0,2,0,1,0,1,0,2,2,0,0,1,2,2,1,1,1,0,2,2,1,2,1,0,1,0,0,2,2,1,0,1,2,1,2,2,0,1,2,0,0,1,0,1,2,2,1]
-31.0:[1, 0, 1, 1, 2, 2, 1, 0, 2, 2, 0, 0, 2, 0, 1, 0, 1, 0, 2, 2, 0, 0, 1, 2, 2, 1, 1, 1, 0, 2, 2, 1, 2, 1, 0, 1, 0, 0, 2, 2, 1, 0, 1, 2, 1, 2, 2, 0, 1, 2, 0, 0, 1, 0, 1, 2, 2, 1]
End Time: Ter Jul 5 09:45:27 BRT 2016 --- run in 2:27:40 ---

==> run_hypdp_cluster.sh.o199221 <==
Best: -29.0 	[1,1,1,0,0,1,1,2,1,1,1,1,2,2,0,1,2,1,2,2,0,0,1,0,1,1,0,2,2,0,0,1,0,1,2,2,0,0,1,2,1,1,0,2,2,1,2,0,2,2,0,0,1,2,1,0,0,1]
-29.0:[1, 1, 1, 0, 0, 1, 1, 2, 1, 1, 1, 1, 2, 2, 0, 1, 2, 1, 2, 2, 0, 0, 1, 0, 1, 1, 0, 2, 2, 0, 0, 1, 0, 1, 2, 2, 0, 0, 1, 2, 1, 1, 0, 2, 2, 1, 2, 0, 2, 2, 0, 0, 1, 2, 1, 0, 0, 1]
End Time: Ter Jul 5 09:47:17 BRT 2016 --- run in 2:27:30 ---

==> run_hypdp_cluster.sh.o199222 <==
Best: -30.0 	[1,1,1,1,0,1,0,0,2,2,0,0,2,2,1,2,1,1,1,0,1,0,0,2,2,0,0,2,2,1,1,2,0,1,2,1,2,2,0,0,2,0,1,2,0,0,1,1,0,0,2,2,1,2,1,0,0,1]
-30.0:[1, 1, 1, 1, 0, 1, 0, 0, 2, 2, 0, 0, 2, 2, 1, 2, 1, 1, 1, 0, 1, 0, 0, 2, 2, 0, 0, 2, 2, 1, 1, 2, 0, 1, 2, 1, 2, 2, 0, 0, 2, 0, 1, 2, 0, 0, 1, 1, 0, 0, 2, 2, 1, 2, 1, 0, 0, 1]
End Time: Ter Jul 5 09:47:14 BRT 2016 --- run in 2:26:57 ---

==> run_hypdp_cluster.sh.o199223 <==
Best: -31.0 	[0,0,1,1,1,2,1,0,2,2,0,0,1,2,2,1,1,2,1,1,1,0,1,1,0,2,1,0,0,2,0,1,0,1,2,2,1,1,1,2,2,0,0,1,1,0,0,2,1,0,2,2,1,2,1,0,0,1]
-31.0:[0, 0, 1, 1, 1, 2, 1, 0, 2, 2, 0, 0, 1, 2, 2, 1, 1, 2, 1, 1, 1, 0, 1, 1, 0, 2, 1, 0, 0, 2, 0, 1, 0, 1, 2, 2, 1, 1, 1, 2, 2, 0, 0, 1, 1, 0, 0, 2, 1, 0, 2, 2, 1, 2, 1, 0, 0, 1]
End Time: Ter Jul 5 10:08:52 BRT 2016 --- run in 2:26:50 ---

==> run_hypdp_cluster.sh.o199224 <==
Best: -31.0 	[1,2,1,1,0,0,1,1,1,0,1,2,1,1,2,2,1,0,1,1,0,0,1,2,2,1,1,0,2,2,1,2,0,1,2,1,0,1,1,1,0,1,1,0,1,0,0,2,2,1,2,1,0,1,2,2,1,0]
-31.0:[1, 2, 1, 1, 0, 0, 1, 1, 1, 0, 1, 2, 1, 1, 2, 2, 1, 0, 1, 1, 0, 0, 1, 2, 2, 1, 1, 0, 2, 2, 1, 2, 0, 1, 2, 1, 0, 1, 1, 1, 0, 1, 1, 0, 1, 0, 0, 2, 2, 1, 2, 1, 0, 1, 2, 2, 1, 0]
End Time: Ter Jul 5 09:30:39 BRT 2016 --- run in 1:45:42 ---

==> run_hypdp_cluster.sh.o199225 <==
Best: -31.0 	[2,0,1,1,2,2,1,1,1,0,1,1,2,0,1,0,0,2,1,0,0,2,1,2,2,0,0,2,2,0,2,2,1,0,1,2,1,0,0,1,2,0,1,1,0,0,1,2,1,2,2,0,1,0,0,2,2,1]
-31.0:[2, 0, 1, 1, 2, 2, 1, 1, 1, 0, 1, 1, 2, 0, 1, 0, 0, 2, 1, 0, 0, 2, 1, 2, 2, 0, 0, 2, 2, 0, 2, 2, 1, 0, 1, 2, 1, 0, 0, 1, 2, 0, 1, 1, 0, 0, 1, 2, 1, 2, 2, 0, 1, 0, 0, 2, 2, 1]
End Time: Ter Jul 5 09:31:52 BRT 2016 --- run in 1:46:25 ---

==> run_hypdp_cluster.sh.o199226 <==
Best: -32.0 	[1,1,0,0,2,1,2,2,0,0,2,2,0,1,2,2,0,1,2,2,1,0,0,1,2,1,0,1,1,0,0,1,2,2,0,0,2,1,0,1,2,2,0,1,2,2,1,0,2,1,0,1,0,0,2,1,0,2]
-32.0:[1, 1, 0, 0, 2, 1, 2, 2, 0, 0, 2, 2, 0, 1, 2, 2, 0, 1, 2, 2, 1, 0, 0, 1, 2, 1, 0, 1, 1, 0, 0, 1, 2, 2, 0, 0, 2, 1, 0, 1, 2, 2, 0, 1, 2, 2, 1, 0, 2, 1, 0, 1, 0, 0, 2, 1, 0, 2]
End Time: Ter Jul 5 09:31:14 BRT 2016 --- run in 1:45:46 ---

==> run_hypdp_cluster.sh.o199227 <==
Best: -31.0 	[1,0,1,1,2,2,1,1,0,0,1,2,0,2,2,1,2,0,0,2,2,1,1,1,0,1,1,0,1,1,0,0,1,2,2,1,1,2,1,0,1,1,0,2,0,0,1,0,2,2,1,2,0,0,2,2,1,2]
-31.0:[1, 0, 1, 1, 2, 2, 1, 1, 0, 0, 1, 2, 0, 2, 2, 1, 2, 0, 0, 2, 2, 1, 1, 1, 0, 1, 1, 0, 1, 1, 0, 0, 1, 2, 2, 1, 1, 2, 1, 0, 1, 1, 0, 2, 0, 0, 1, 0, 2, 2, 1, 2, 0, 0, 2, 2, 1, 2]
End Time: Ter Jul 5 09:31:23 BRT 2016 --- run in 1:45:41 ---

==> run_hypdp_cluster.sh.o199228 <==
Best: -34.0 	[2,2,1,1,0,0,1,1,2,2,1,1,1,0,0,1,2,0,0,2,2,0,0,1,1,2,1,0,2,2,1,2,1,0,1,1,0,0,1,2,2,1,1,1,2,2,0,1,2,0,1,1,0,0,1,2,2,1]
-34.0:[2, 2, 1, 1, 0, 0, 1, 1, 2, 2, 1, 1, 1, 0, 0, 1, 2, 0, 0, 2, 2, 0, 0, 1, 1, 2, 1, 0, 2, 2, 1, 2, 1, 0, 1, 1, 0, 0, 1, 2, 2, 1, 1, 1, 2, 2, 0, 1, 2, 0, 1, 1, 0, 0, 1, 2, 2, 1]
End Time: Ter Jul 5 09:32:18 BRT 2016 --- run in 1:46:6 ---
