==> run_hypdp_cluster.sh.o199079 <==
Best: -40.0 	[1,0,0,1,2,2,0,0,2,1,1,1,2,2,0,2,2,0,0,1,1,2,2,1,0,0,1,1,1,1,1,1,0,0,2,1,0,1,0,0,2,2,1,2,1,0,1,2,2,0,2,2,0,0,1,0,1,1,0,2,2,0,1,1,1,1,2,2,0,1,1,2,2,0,1,1,1,2,2,1,1,1,0,0,1,1,1,1,1,1,1,0,1,0,1,0,2,2]
-40.0:[1, 0, 0, 1, 2, 2, 0, 0, 2, 1, 1, 1, 2, 2, 0, 2, 2, 0, 0, 1, 1, 2, 2, 1, 0, 0, 1, 1, 1, 1, 1, 1, 0, 0, 2, 1, 0, 1, 0, 0, 2, 2, 1, 2, 1, 0, 1, 2, 2, 0, 2, 2, 0, 0, 1, 0, 1, 1, 0, 2, 2, 0, 1, 1, 1, 1, 2, 2, 0, 1, 1, 2, 2, 0, 1, 1, 1, 2, 2, 1, 1, 1, 0, 0, 1, 1, 1, 1, 1, 1, 1, 0, 1, 0, 1, 0, 2, 2]
End Time: Seg Jul 4 21:21:19 BRT 2016 --- run in 1:48:52 ---

==> run_hypdp_cluster.sh.o199080 <==
Best: -38.0 	[0,0,1,0,2,0,0,1,1,1,2,2,1,1,1,1,2,1,0,2,2,1,0,0,1,2,0,1,0,1,0,2,1,0,2,2,1,0,1,2,2,1,0,0,1,1,1,0,0,2,1,1,0,0,2,2,1,2,1,1,2,1,1,0,1,1,1,1,0,1,0,0,2,2,0,0,2,2,1,2,1,1,0,0,2,0,0,2,1,2,1,0,1,1,0,0,2,2]
-38.0:[0, 0, 1, 0, 2, 0, 0, 1, 1, 1, 2, 2, 1, 1, 1, 1, 2, 1, 0, 2, 2, 1, 0, 0, 1, 2, 0, 1, 0, 1, 0, 2, 1, 0, 2, 2, 1, 0, 1, 2, 2, 1, 0, 0, 1, 1, 1, 0, 0, 2, 1, 1, 0, 0, 2, 2, 1, 2, 1, 1, 2, 1, 1, 0, 1, 1, 1, 1, 0, 1, 0, 0, 2, 2, 0, 0, 2, 2, 1, 2, 1, 1, 0, 0, 2, 0, 0, 2, 1, 2, 1, 0, 1, 1, 0, 0, 2, 2]
End Time: Seg Jul 4 21:55:09 BRT 2016 --- run in 2:23:7 ---

==> run_hypdp_cluster.sh.o199081 <==
Best: -37.0 	[0,0,2,1,0,0,1,1,1,1,2,1,1,1,2,1,2,2,0,0,2,0,1,1,1,2,0,0,1,1,2,0,1,0,0,2,0,1,2,1,1,2,1,2,2,0,0,1,1,2,0,0,1,1,0,0,2,2,1,1,2,2,0,0,2,1,0,1,1,0,0,1,2,2,0,0,2,2,1,2,0,1,1,0,1,0,0,2,2,1,1,1,0,0,1,2,0,0]
-37.0:[0, 0, 2, 1, 0, 0, 1, 1, 1, 1, 2, 1, 1, 1, 2, 1, 2, 2, 0, 0, 2, 0, 1, 1, 1, 2, 0, 0, 1, 1, 2, 0, 1, 0, 0, 2, 0, 1, 2, 1, 1, 2, 1, 2, 2, 0, 0, 1, 1, 2, 0, 0, 1, 1, 0, 0, 2, 2, 1, 1, 2, 2, 0, 0, 2, 1, 0, 1, 1, 0, 0, 1, 2, 2, 0, 0, 2, 2, 1, 2, 0, 1, 1, 0, 1, 0, 0, 2, 2, 1, 1, 1, 0, 0, 1, 2, 0, 0]
End Time: Seg Jul 4 21:19:08 BRT 2016 --- run in 1:46:41 ---

==> run_hypdp_cluster.sh.o199082 <==
Best: -38.0 	[1,1,1,1,1,1,0,0,1,1,1,1,2,2,0,1,2,2,1,0,1,1,1,2,1,0,0,1,1,0,2,2,0,1,1,0,1,0,0,2,2,0,1,2,1,2,2,0,1,1,1,0,1,1,0,1,0,0,2,2,1,2,1,1,1,1,2,2,1,0,0,2,1,1,2,2,0,1,0,0,2,2,1,2,1,0,1,2,0,1,0,0,2,1,0,1,0,0]
-38.0:[1, 1, 1, 1, 1, 1, 0, 0, 1, 1, 1, 1, 2, 2, 0, 1, 2, 2, 1, 0, 1, 1, 1, 2, 1, 0, 0, 1, 1, 0, 2, 2, 0, 1, 1, 0, 1, 0, 0, 2, 2, 0, 1, 2, 1, 2, 2, 0, 1, 1, 1, 0, 1, 1, 0, 1, 0, 0, 2, 2, 1, 2, 1, 1, 1, 1, 2, 2, 1, 0, 0, 2, 1, 1, 2, 2, 0, 1, 0, 0, 2, 2, 1, 2, 1, 0, 1, 2, 0, 1, 0, 0, 2, 1, 0, 1, 0, 0]
End Time: Seg Jul 4 22:02:26 BRT 2016 --- run in 2:30:24 ---

==> run_hypdp_cluster.sh.o199083 <==
Best: -37.0 	[0,1,2,2,0,2,0,0,1,1,2,2,0,1,2,2,1,0,0,1,1,0,1,2,2,1,1,1,2,2,0,0,1,0,2,2,1,2,0,1,2,2,1,0,0,1,1,0,1,1,0,1,2,2,1,1,2,1,1,1,0,0,1,1,2,0,1,1,1,1,0,1,0,0,2,1,2,2,0,0,2,1,2,2,0,2,0,0,1,0,2,2,1,2,1,0,2,2]
-37.0:[0, 1, 2, 2, 0, 2, 0, 0, 1, 1, 2, 2, 0, 1, 2, 2, 1, 0, 0, 1, 1, 0, 1, 2, 2, 1, 1, 1, 2, 2, 0, 0, 1, 0, 2, 2, 1, 2, 0, 1, 2, 2, 1, 0, 0, 1, 1, 0, 1, 1, 0, 1, 2, 2, 1, 1, 2, 1, 1, 1, 0, 0, 1, 1, 2, 0, 1, 1, 1, 1, 0, 1, 0, 0, 2, 1, 2, 2, 0, 0, 2, 1, 2, 2, 0, 2, 0, 0, 1, 0, 2, 2, 1, 2, 1, 0, 2, 2]
End Time: Seg Jul 4 21:21:40 BRT 2016 --- run in 1:49:13 ---

==> run_hypdp_cluster.sh.o199084 <==
Best: -39.0 	[0,2,2,1,1,0,2,2,1,1,0,1,0,1,0,2,1,2,2,0,2,1,0,0,2,1,0,1,0,0,2,2,0,2,1,1,2,1,0,2,1,1,2,1,2,2,0,0,2,1,0,0,1,1,1,1,0,2,2,0,0,1,1,1,1,1,1,1,0,1,0,1,0,2,1,1,1,2,2,1,1,0,0,2,1,1,1,0,2,2,0,0,1,2,0,1,0,0]
-39.0:[0, 2, 2, 1, 1, 0, 2, 2, 1, 1, 0, 1, 0, 1, 0, 2, 1, 2, 2, 0, 2, 1, 0, 0, 2, 1, 0, 1, 0, 0, 2, 2, 0, 2, 1, 1, 2, 1, 0, 2, 1, 1, 2, 1, 2, 2, 0, 0, 2, 1, 0, 0, 1, 1, 1, 1, 0, 2, 2, 0, 0, 1, 1, 1, 1, 1, 1, 1, 0, 1, 0, 1, 0, 2, 1, 1, 1, 2, 2, 1, 1, 0, 0, 2, 1, 1, 1, 0, 2, 2, 0, 0, 1, 2, 0, 1, 0, 0]
End Time: Seg Jul 4 21:19:03 BRT 2016 --- run in 1:46:36 ---

==> run_hypdp_cluster.sh.o199085 <==
Best: -38.0 	[1,0,1,1,0,0,2,1,1,1,1,2,1,2,2,0,0,2,2,0,0,2,1,1,1,0,1,1,1,1,0,0,1,1,1,2,1,2,2,0,1,0,0,2,1,0,0,2,2,1,2,1,1,2,1,0,1,2,2,0,0,2,1,1,1,0,1,1,1,1,0,0,2,1,0,1,1,2,2,1,0,1,0,0,2,2,1,0,1,2,1,0,2,0,1,1,0,0]
-38.0:[1, 0, 1, 1, 0, 0, 2, 1, 1, 1, 1, 2, 1, 2, 2, 0, 0, 2, 2, 0, 0, 2, 1, 1, 1, 0, 1, 1, 1, 1, 0, 0, 1, 1, 1, 2, 1, 2, 2, 0, 1, 0, 0, 2, 1, 0, 0, 2, 2, 1, 2, 1, 1, 2, 1, 0, 1, 2, 2, 0, 0, 2, 1, 1, 1, 0, 1, 1, 1, 1, 0, 0, 2, 1, 0, 1, 1, 2, 2, 1, 0, 1, 0, 0, 2, 2, 1, 0, 1, 2, 1, 0, 2, 0, 1, 1, 0, 0]
End Time: Seg Jul 4 22:43:58 BRT 2016 --- run in 3:11:31 ---

==> run_hypdp_cluster.sh.o199086 <==
Best: -38.0 	[0,1,1,0,1,0,1,1,1,2,1,1,2,2,1,0,1,1,1,1,0,0,1,1,1,2,2,1,1,0,1,1,2,2,0,1,1,2,2,1,1,0,0,2,0,0,2,1,1,1,2,2,1,1,0,1,2,2,0,0,2,0,0,1,1,1,0,1,2,1,1,0,1,1,0,1,1,2,1,1,2,0,2,2,1,2,0,0,1,1,1,0,0,1,2,1,2,2]
-38.0:[0, 1, 1, 0, 1, 0, 1, 1, 1, 2, 1, 1, 2, 2, 1, 0, 1, 1, 1, 1, 0, 0, 1, 1, 1, 2, 2, 1, 1, 0, 1, 1, 2, 2, 0, 1, 1, 2, 2, 1, 1, 0, 0, 2, 0, 0, 2, 1, 1, 1, 2, 2, 1, 1, 0, 1, 2, 2, 0, 0, 2, 0, 0, 1, 1, 1, 0, 1, 2, 1, 1, 0, 1, 1, 0, 1, 1, 2, 1, 1, 2, 0, 2, 2, 1, 2, 0, 0, 1, 1, 1, 0, 0, 1, 2, 1, 2, 2]
End Time: Seg Jul 4 22:07:19 BRT 2016 --- run in 2:35:17 ---

==> run_hypdp_cluster.sh.o199087 <==
Best: -39.0 	[2,0,0,2,1,1,2,2,1,0,1,0,1,1,1,1,1,2,2,0,2,2,0,0,1,0,2,0,0,2,0,2,1,0,0,2,2,1,0,0,1,1,1,2,1,1,2,1,2,2,0,0,1,0,1,1,0,2,0,0,2,2,1,1,0,2,1,1,0,0,1,1,1,0,2,2,0,0,2,1,1,1,2,2,1,1,0,1,1,1,2,1,2,2,0,0,2,2]
-39.0:[2, 0, 0, 2, 1, 1, 2, 2, 1, 0, 1, 0, 1, 1, 1, 1, 1, 2, 2, 0, 2, 2, 0, 0, 1, 0, 2, 0, 0, 2, 0, 2, 1, 0, 0, 2, 2, 1, 0, 0, 1, 1, 1, 2, 1, 1, 2, 1, 2, 2, 0, 0, 1, 0, 1, 1, 0, 2, 0, 0, 2, 2, 1, 1, 0, 2, 1, 1, 0, 0, 1, 1, 1, 0, 2, 2, 0, 0, 2, 1, 1, 1, 2, 2, 1, 1, 0, 1, 1, 1, 2, 1, 2, 2, 0, 0, 2, 2]
End Time: Seg Jul 4 21:54:12 BRT 2016 --- run in 2:22:10 ---

==> run_hypdp_cluster.sh.o199088 <==
Best: -38.0 	[0,0,1,0,1,1,2,2,1,1,1,0,0,1,1,1,2,2,1,1,0,0,2,2,0,1,1,2,2,1,1,1,0,0,1,1,2,2,0,1,1,1,1,1,2,2,1,0,0,1,2,2,1,1,1,1,2,2,1,0,0,1,1,0,1,2,0,1,0,0,2,2,0,1,0,2,1,1,1,1,1,0,1,0,0,2,2,1,1,1,0,1,1,1,2,0,0,2]
-38.0:[0, 0, 1, 0, 1, 1, 2, 2, 1, 1, 1, 0, 0, 1, 1, 1, 2, 2, 1, 1, 0, 0, 2, 2, 0, 1, 1, 2, 2, 1, 1, 1, 0, 0, 1, 1, 2, 2, 0, 1, 1, 1, 1, 1, 2, 2, 1, 0, 0, 1, 2, 2, 1, 1, 1, 1, 2, 2, 1, 0, 0, 1, 1, 0, 1, 2, 0, 1, 0, 0, 2, 2, 0, 1, 0, 2, 1, 1, 1, 1, 1, 0, 1, 0, 0, 2, 2, 1, 1, 1, 0, 1, 1, 1, 2, 0, 0, 2]
End Time: Seg Jul 4 21:21:12 BRT 2016 --- run in 1:48:45 ---

==> run_hypdp_cluster.sh.o199089 <==
Best: -40.0 	[1,1,0,1,1,1,2,2,0,1,1,0,0,1,2,1,1,1,0,0,1,1,2,2,0,1,2,2,1,0,0,1,2,2,0,1,2,2,1,0,1,1,0,1,0,0,2,2,1,0,2,2,1,2,0,0,1,0,1,1,2,0,0,2,1,1,2,2,0,1,1,2,2,1,0,0,2,2,0,2,0,0,2,2,0,2,1,1,1,0,2,1,2,0,2,0,1,1]
-40.0:[1, 1, 0, 1, 1, 1, 2, 2, 0, 1, 1, 0, 0, 1, 2, 1, 1, 1, 0, 0, 1, 1, 2, 2, 0, 1, 2, 2, 1, 0, 0, 1, 2, 2, 0, 1, 2, 2, 1, 0, 1, 1, 0, 1, 0, 0, 2, 2, 1, 0, 2, 2, 1, 2, 0, 0, 1, 0, 1, 1, 2, 0, 0, 2, 1, 1, 2, 2, 0, 1, 1, 2, 2, 1, 0, 0, 2, 2, 0, 2, 0, 0, 2, 2, 0, 2, 1, 1, 1, 0, 2, 1, 2, 0, 2, 0, 1, 1]
End Time: Seg Jul 4 21:19:08 BRT 2016 --- run in 1:46:41 ---

==> run_hypdp_cluster.sh.o199090 <==
Best: -41.0 	[0,0,2,1,1,2,1,1,1,0,1,0,0,2,2,0,0,2,2,0,0,1,2,2,0,1,2,1,2,2,0,0,2,1,0,1,2,2,1,0,0,2,2,0,1,1,0,0,1,2,0,1,2,2,0,2,2,0,2,0,1,0,0,2,1,1,1,2,1,2,0,2,2,0,1,1,1,2,0,0,1,2,0,0,1,0,2,1,1,2,2,1,0,1,2,1,2,2]
-41.0:[0, 0, 2, 1, 1, 2, 1, 1, 1, 0, 1, 0, 0, 2, 2, 0, 0, 2, 2, 0, 0, 1, 2, 2, 0, 1, 2, 1, 2, 2, 0, 0, 2, 1, 0, 1, 2, 2, 1, 0, 0, 2, 2, 0, 1, 1, 0, 0, 1, 2, 0, 1, 2, 2, 0, 2, 2, 0, 2, 0, 1, 0, 0, 2, 1, 1, 1, 2, 1, 2, 0, 2, 2, 0, 1, 1, 1, 2, 0, 0, 1, 2, 0, 0, 1, 0, 2, 1, 1, 2, 2, 1, 0, 1, 2, 1, 2, 2]
End Time: Seg Jul 4 21:45:25 BRT 2016 --- run in 2:12:58 ---

==> run_hypdp_cluster.sh.o199091 <==
Best: -40.0 	[1,1,1,0,1,2,0,2,1,1,0,0,1,1,2,0,1,0,0,2,2,0,1,2,1,1,1,2,1,1,0,2,1,2,2,0,1,2,2,0,0,2,0,0,1,1,1,1,1,1,1,0,1,0,0,2,1,1,2,2,1,0,2,1,1,0,2,2,1,1,2,0,0,2,2,1,1,1,1,1,0,1,0,0,2,1,1,1,1,1,2,1,2,2,0,0,2,2]
-40.0:[1, 1, 1, 0, 1, 2, 0, 2, 1, 1, 0, 0, 1, 1, 2, 0, 1, 0, 0, 2, 2, 0, 1, 2, 1, 1, 1, 2, 1, 1, 0, 2, 1, 2, 2, 0, 1, 2, 2, 0, 0, 2, 0, 0, 1, 1, 1, 1, 1, 1, 1, 0, 1, 0, 0, 2, 1, 1, 2, 2, 1, 0, 2, 1, 1, 0, 2, 2, 1, 1, 2, 0, 0, 2, 2, 1, 1, 1, 1, 1, 0, 1, 0, 0, 2, 1, 1, 1, 1, 1, 2, 1, 2, 2, 0, 0, 2, 2]
End Time: Seg Jul 4 21:52:24 BRT 2016 --- run in 2:20:22 ---

==> run_hypdp_cluster.sh.o199092 <==
Best: -43.0 	[0,0,2,1,0,1,1,1,0,1,2,2,1,1,2,1,1,0,1,0,0,2,1,1,0,1,1,2,2,1,1,1,1,1,1,1,2,2,1,1,1,0,1,0,0,2,1,1,1,1,2,1,2,2,0,0,2,2,0,0,2,0,0,1,2,1,0,1,1,0,0,2,2,1,0,2,0,0,2,2,1,2,0,0,1,0,1,1,2,1,0,2,0,0,1,0,2,2]
-43.0:[0, 0, 2, 1, 0, 1, 1, 1, 0, 1, 2, 2, 1, 1, 2, 1, 1, 0, 1, 0, 0, 2, 1, 1, 0, 1, 1, 2, 2, 1, 1, 1, 1, 1, 1, 1, 2, 2, 1, 1, 1, 0, 1, 0, 0, 2, 1, 1, 1, 1, 2, 1, 2, 2, 0, 0, 2, 2, 0, 0, 2, 0, 0, 1, 2, 1, 0, 1, 1, 0, 0, 2, 2, 1, 0, 2, 0, 0, 2, 2, 1, 2, 0, 0, 1, 0, 1, 1, 2, 1, 0, 2, 0, 0, 1, 0, 2, 2]
End Time: Seg Jul 4 21:17:53 BRT 2016 --- run in 1:45:26 ---

==> run_hypdp_cluster.sh.o199093 <==
Best: -38.0 	[0,1,2,2,0,2,0,0,1,0,2,2,1,2,1,1,1,2,1,0,0,1,2,2,1,0,0,2,0,1,1,2,0,0,1,1,1,1,2,0,0,1,0,1,1,1,2,2,1,1,1,1,1,1,2,2,1,0,1,0,0,2,2,0,2,1,1,1,2,1,2,0,2,2,0,0,1,1,1,1,0,1,1,2,1,2,2,0,0,1,2,1,2,2,0,0,2,1]
-38.0:[0, 1, 2, 2, 0, 2, 0, 0, 1, 0, 2, 2, 1, 2, 1, 1, 1, 2, 1, 0, 0, 1, 2, 2, 1, 0, 0, 2, 0, 1, 1, 2, 0, 0, 1, 1, 1, 1, 2, 0, 0, 1, 0, 1, 1, 1, 2, 2, 1, 1, 1, 1, 1, 1, 2, 2, 1, 0, 1, 0, 0, 2, 2, 0, 2, 1, 1, 1, 2, 1, 2, 0, 2, 2, 0, 0, 1, 1, 1, 1, 0, 1, 1, 2, 1, 2, 2, 0, 0, 1, 2, 1, 2, 2, 0, 0, 2, 1]
End Time: Seg Jul 4 21:52:59 BRT 2016 --- run in 2:20:57 ---

==> run_hypdp_cluster.sh.o199094 <==
Best: -41.0 	[2,1,1,1,0,1,2,2,1,1,0,1,0,0,2,1,1,2,2,1,0,0,1,1,1,0,1,2,2,1,0,1,2,2,0,1,2,2,1,0,1,1,1,0,1,1,1,2,2,1,1,1,0,0,1,1,1,1,1,0,0,2,2,1,1,1,1,0,1,0,0,2,1,2,0,0,2,2,0,0,2,1,1,2,2,1,0,1,1,1,2,1,2,2,0,0,2,2]
-41.0:[2, 1, 1, 1, 0, 1, 2, 2, 1, 1, 0, 1, 0, 0, 2, 1, 1, 2, 2, 1, 0, 0, 1, 1, 1, 0, 1, 2, 2, 1, 0, 1, 2, 2, 0, 1, 2, 2, 1, 0, 1, 1, 1, 0, 1, 1, 1, 2, 2, 1, 1, 1, 0, 0, 1, 1, 1, 1, 1, 0, 0, 2, 2, 1, 1, 1, 1, 0, 1, 0, 0, 2, 1, 2, 0, 0, 2, 2, 0, 0, 2, 1, 1, 2, 2, 1, 0, 1, 1, 1, 2, 1, 2, 2, 0, 0, 2, 2]
End Time: Seg Jul 4 21:21:34 BRT 2016 --- run in 1:49:7 ---

==> run_hypdp_cluster.sh.o199095 <==
Best: -40.0 	[0,1,0,1,1,2,0,0,1,2,1,2,2,0,1,2,1,1,0,0,1,1,1,0,2,2,1,2,1,1,0,0,2,2,0,1,2,2,0,1,2,2,1,0,1,0,0,2,1,0,1,2,1,2,2,0,1,2,1,0,1,0,0,2,2,0,1,0,1,1,1,1,1,0,1,1,1,2,2,1,0,1,1,0,1,0,0,2,2,1,1,2,0,0,1,0,1,2]
-40.0:[0, 1, 0, 1, 1, 2, 0, 0, 1, 2, 1, 2, 2, 0, 1, 2, 1, 1, 0, 0, 1, 1, 1, 0, 2, 2, 1, 2, 1, 1, 0, 0, 2, 2, 0, 1, 2, 2, 0, 1, 2, 2, 1, 0, 1, 0, 0, 2, 1, 0, 1, 2, 1, 2, 2, 0, 1, 2, 1, 0, 1, 0, 0, 2, 2, 0, 1, 0, 1, 1, 1, 1, 1, 0, 1, 1, 1, 2, 2, 1, 0, 1, 1, 0, 1, 0, 0, 2, 2, 1, 1, 2, 0, 0, 1, 0, 1, 2]
End Time: Seg Jul 4 21:21:10 BRT 2016 --- run in 1:48:43 ---

==> run_hypdp_cluster.sh.o199096 <==
Best: -38.0 	[1,0,0,1,2,2,1,1,2,1,0,0,1,1,1,0,0,2,1,1,2,1,2,2,0,0,2,0,1,1,0,1,1,0,0,2,2,1,2,0,0,2,0,1,0,0,2,2,1,2,0,0,2,2,1,2,1,0,2,1,1,1,0,2,1,1,0,1,0,1,0,2,2,0,0,1,2,2,1,1,0,2,0,0,1,0,2,1,2,2,0,2,0,0,1,0,2,2]
-38.0:[1, 0, 0, 1, 2, 2, 1, 1, 2, 1, 0, 0, 1, 1, 1, 0, 0, 2, 1, 1, 2, 1, 2, 2, 0, 0, 2, 0, 1, 1, 0, 1, 1, 0, 0, 2, 2, 1, 2, 0, 0, 2, 0, 1, 0, 0, 2, 2, 1, 2, 0, 0, 2, 2, 1, 2, 1, 0, 2, 1, 1, 1, 0, 2, 1, 1, 0, 1, 0, 1, 0, 2, 2, 0, 0, 1, 2, 2, 1, 1, 0, 2, 0, 0, 1, 0, 2, 1, 2, 2, 0, 2, 0, 0, 1, 0, 2, 2]
End Time: Seg Jul 4 21:49:23 BRT 2016 --- run in 2:17:21 ---

==> run_hypdp_cluster.sh.o199097 <==
Best: -40.0 	[2,1,1,2,1,1,0,0,2,1,2,0,2,2,1,1,1,0,0,1,1,1,2,2,0,0,1,2,2,1,1,1,2,2,0,0,1,1,2,1,0,0,1,2,2,1,1,2,1,0,0,1,1,0,2,1,0,0,1,2,2,1,1,0,1,1,1,1,0,0,1,2,0,0,2,2,1,2,1,1,1,1,0,0,1,1,1,2,2,1,1,0,1,0,1,0,2,2]
-40.0:[2, 1, 1, 2, 1, 1, 0, 0, 2, 1, 2, 0, 2, 2, 1, 1, 1, 0, 0, 1, 1, 1, 2, 2, 0, 0, 1, 2, 2, 1, 1, 1, 2, 2, 0, 0, 1, 1, 2, 1, 0, 0, 1, 2, 2, 1, 1, 2, 1, 0, 0, 1, 1, 0, 2, 1, 0, 0, 1, 2, 2, 1, 1, 0, 1, 1, 1, 1, 0, 0, 1, 2, 0, 0, 2, 2, 1, 2, 1, 1, 1, 1, 0, 0, 1, 1, 1, 2, 2, 1, 1, 0, 1, 0, 1, 0, 2, 2]
End Time: Seg Jul 4 21:19:04 BRT 2016 --- run in 1:46:37 ---

==> run_hypdp_cluster.sh.o199098 <==
Best: -39.0 	[2,1,1,1,2,1,0,0,1,1,2,1,2,2,0,0,1,2,2,1,0,1,2,2,0,1,1,0,0,2,0,2,0,1,0,2,0,1,2,1,1,1,1,2,1,2,2,0,0,2,2,0,0,1,1,1,0,0,1,2,1,2,2,0,1,1,1,0,0,1,1,2,1,1,0,0,1,2,2,0,1,1,2,2,1,1,0,1,0,1,2,2,0,2,2,0,2,1]
-39.0:[2, 1, 1, 1, 2, 1, 0, 0, 1, 1, 2, 1, 2, 2, 0, 0, 1, 2, 2, 1, 0, 1, 2, 2, 0, 1, 1, 0, 0, 2, 0, 2, 0, 1, 0, 2, 0, 1, 2, 1, 1, 1, 1, 2, 1, 2, 2, 0, 0, 2, 2, 0, 0, 1, 1, 1, 0, 0, 1, 2, 1, 2, 2, 0, 1, 1, 1, 0, 0, 1, 1, 2, 1, 1, 0, 0, 1, 2, 2, 0, 1, 1, 2, 2, 1, 1, 0, 1, 0, 1, 2, 2, 0, 2, 2, 0, 2, 1]
End Time: Seg Jul 4 21:49:58 BRT 2016 --- run in 2:17:56 ---

==> run_hypdp_cluster.sh.o199099 <==
Best: -35.0 	[1,1,0,1,2,1,0,0,1,1,2,2,1,1,1,2,1,1,1,1,1,1,1,0,0,2,2,0,0,1,1,1,2,2,0,0,1,0,2,0,1,0,1,1,1,2,2,1,1,1,1,2,1,0,0,1,2,1,0,0,2,2,1,2,0,1,2,2,0,1,1,1,2,2,0,2,1,0,0,1,2,1,0,0,2,0,0,2,2,0,2,1,2,2,0,0,2,2]
-35.0:[1, 1, 0, 1, 2, 1, 0, 0, 1, 1, 2, 2, 1, 1, 1, 2, 1, 1, 1, 1, 1, 1, 1, 0, 0, 2, 2, 0, 0, 1, 1, 1, 2, 2, 0, 0, 1, 0, 2, 0, 1, 0, 1, 1, 1, 2, 2, 1, 1, 1, 1, 2, 1, 0, 0, 1, 2, 1, 0, 0, 2, 2, 1, 2, 0, 1, 2, 2, 0, 1, 1, 1, 2, 2, 0, 2, 1, 0, 0, 1, 2, 1, 0, 0, 2, 0, 0, 2, 2, 0, 2, 1, 2, 2, 0, 0, 2, 2]
End Time: Seg Jul 4 21:21:13 BRT 2016 --- run in 1:48:46 ---

==> run_hypdp_cluster.sh.o199100 <==
Best: -38.0 	[0,0,1,2,0,0,1,1,1,2,2,0,2,2,0,1,0,2,2,0,2,2,0,0,1,1,1,0,1,1,0,0,2,2,0,2,2,1,1,1,1,1,0,1,0,0,2,2,1,2,0,0,1,0,2,1,1,0,0,1,1,2,2,1,1,1,0,2,2,1,0,1,2,2,1,1,0,1,2,2,0,1,0,0,2,0,1,1,1,2,0,0,1,1,0,0,2,2]
-38.0:[0, 0, 1, 2, 0, 0, 1, 1, 1, 2, 2, 0, 2, 2, 0, 1, 0, 2, 2, 0, 2, 2, 0, 0, 1, 1, 1, 0, 1, 1, 0, 0, 2, 2, 0, 2, 2, 1, 1, 1, 1, 1, 0, 1, 0, 0, 2, 2, 1, 2, 0, 0, 1, 0, 2, 1, 1, 0, 0, 1, 1, 2, 2, 1, 1, 1, 0, 2, 2, 1, 0, 1, 2, 2, 1, 1, 0, 1, 2, 2, 0, 1, 0, 0, 2, 0, 1, 1, 1, 2, 0, 0, 1, 1, 0, 0, 2, 2]
End Time: Seg Jul 4 21:17:48 BRT 2016 --- run in 1:45:21 ---

==> run_hypdp_cluster.sh.o199101 <==
Best: -38.0 	[1,2,2,1,1,2,0,2,1,0,0,2,0,0,2,0,2,0,1,1,2,1,2,2,0,1,0,2,0,1,0,0,2,2,0,0,2,2,1,1,1,0,0,1,1,1,1,2,0,1,2,1,1,1,1,2,2,1,1,1,0,0,1,1,1,2,2,1,0,0,2,2,1,1,2,2,0,0,1,0,1,1,1,1,2,1,1,2,0,1,2,0,2,2,1,2,0,0]
-38.0:[1, 2, 2, 1, 1, 2, 0, 2, 1, 0, 0, 2, 0, 0, 2, 0, 2, 0, 1, 1, 2, 1, 2, 2, 0, 1, 0, 2, 0, 1, 0, 0, 2, 2, 0, 0, 2, 2, 1, 1, 1, 0, 0, 1, 1, 1, 1, 2, 0, 1, 2, 1, 1, 1, 1, 2, 2, 1, 1, 1, 0, 0, 1, 1, 1, 2, 2, 1, 0, 0, 2, 2, 1, 1, 2, 2, 0, 0, 1, 0, 1, 1, 1, 1, 2, 1, 1, 2, 0, 1, 2, 0, 2, 2, 1, 2, 0, 0]
End Time: Seg Jul 4 21:20:52 BRT 2016 --- run in 1:48:25 ---

==> run_hypdp_cluster.sh.o199102 <==
Best: -34.0 	[2,2,1,1,0,2,0,0,1,1,1,2,1,0,2,1,2,0,1,1,2,2,0,0,2,2,0,2,2,1,1,0,1,1,0,2,0,0,1,0,2,2,1,2,1,1,0,1,0,0,2,2,1,2,1,0,2,2,1,1,0,0,1,1,1,1,0,0,2,1,1,1,0,1,1,1,2,2,1,0,0,1,2,2,1,1,2,1,0,1,0,1,1,1,1,1,0,0]
-34.0:[2, 2, 1, 1, 0, 2, 0, 0, 1, 1, 1, 2, 1, 0, 2, 1, 2, 0, 1, 1, 2, 2, 0, 0, 2, 2, 0, 2, 2, 1, 1, 0, 1, 1, 0, 2, 0, 0, 1, 0, 2, 2, 1, 2, 1, 1, 0, 1, 0, 0, 2, 2, 1, 2, 1, 0, 2, 2, 1, 1, 0, 0, 1, 1, 1, 1, 0, 0, 2, 1, 1, 1, 0, 1, 1, 1, 2, 2, 1, 0, 0, 1, 2, 2, 1, 1, 2, 1, 0, 1, 0, 1, 1, 1, 1, 1, 0, 0]
End Time: Seg Jul 4 21:55:35 BRT 2016 --- run in 2:23:33 ---

==> run_hypdp_cluster.sh.o199103 <==
Best: -39.0 	[0,0,2,2,1,2,1,0,2,1,1,1,0,1,2,1,0,0,1,2,2,1,1,1,0,1,0,2,0,0,1,2,1,2,2,0,0,1,0,1,2,2,0,0,1,1,0,0,2,2,1,1,2,2,0,0,2,1,0,2,2,0,0,2,2,0,2,1,1,2,1,1,2,2,0,0,1,1,0,1,1,0,2,2,0,2,1,0,1,1,1,2,1,2,1,2,0,0]
-39.0:[0, 0, 2, 2, 1, 2, 1, 0, 2, 1, 1, 1, 0, 1, 2, 1, 0, 0, 1, 2, 2, 1, 1, 1, 0, 1, 0, 2, 0, 0, 1, 2, 1, 2, 2, 0, 0, 1, 0, 1, 2, 2, 0, 0, 1, 1, 0, 0, 2, 2, 1, 1, 2, 2, 0, 0, 2, 1, 0, 2, 2, 0, 0, 2, 2, 0, 2, 1, 1, 2, 1, 1, 2, 2, 0, 0, 1, 1, 0, 1, 1, 0, 2, 2, 0, 2, 1, 0, 1, 1, 1, 2, 1, 2, 1, 2, 0, 0]
End Time: Seg Jul 4 21:54:52 BRT 2016 --- run in 2:22:50 ---

==> run_hypdp_cluster.sh.o199104 <==
Best: -37.0 	[1,0,1,2,1,0,2,2,1,2,0,0,1,0,1,1,2,1,2,2,0,0,2,2,0,0,1,0,1,1,1,1,0,2,0,0,2,2,1,1,1,1,0,0,2,0,0,2,1,1,2,1,0,2,2,0,2,2,1,1,0,0,2,1,1,0,0,2,2,1,1,0,0,1,1,1,0,1,2,2,1,1,0,0,2,1,2,2,0,2,0,0,1,0,2,1,0,0]
-37.0:[1, 0, 1, 2, 1, 0, 2, 2, 1, 2, 0, 0, 1, 0, 1, 1, 2, 1, 2, 2, 0, 0, 2, 2, 0, 0, 1, 0, 1, 1, 1, 1, 0, 2, 0, 0, 2, 2, 1, 1, 1, 1, 0, 0, 2, 0, 0, 2, 1, 1, 2, 1, 0, 2, 2, 0, 2, 2, 1, 1, 0, 0, 2, 1, 1, 0, 0, 2, 2, 1, 1, 0, 0, 1, 1, 1, 0, 1, 2, 2, 1, 1, 0, 0, 2, 1, 2, 2, 0, 2, 0, 0, 1, 0, 2, 1, 0, 0]
End Time: Seg Jul 4 21:20:45 BRT 2016 --- run in 1:48:18 ---

==> run_hypdp_cluster.sh.o199105 <==
Best: -40.0 	[0,1,1,1,1,1,2,2,1,1,1,0,0,1,1,1,2,2,1,1,0,0,1,2,1,1,1,1,1,2,1,0,1,2,1,1,2,2,1,0,0,2,1,1,2,1,2,2,0,0,1,0,1,1,1,0,1,0,2,2,1,2,0,0,1,1,1,0,2,1,0,0,1,1,1,2,1,1,2,2,1,0,0,1,1,0,1,2,2,0,1,1,0,2,0,1,0,0]
-40.0:[0, 1, 1, 1, 1, 1, 2, 2, 1, 1, 1, 0, 0, 1, 1, 1, 2, 2, 1, 1, 0, 0, 1, 2, 1, 1, 1, 1, 1, 2, 1, 0, 1, 2, 1, 1, 2, 2, 1, 0, 0, 2, 1, 1, 2, 1, 2, 2, 0, 0, 1, 0, 1, 1, 1, 0, 1, 0, 2, 2, 1, 2, 0, 0, 1, 1, 1, 0, 2, 1, 0, 0, 1, 1, 1, 2, 1, 1, 2, 2, 1, 0, 0, 1, 1, 0, 1, 2, 2, 0, 1, 1, 0, 2, 0, 1, 0, 0]
End Time: Seg Jul 4 21:47:38 BRT 2016 --- run in 2:15:11 ---

==> run_hypdp_cluster.sh.o199106 <==
Best: -37.0 	[2,2,1,2,0,0,2,1,0,1,2,2,1,1,0,0,2,2,0,2,1,0,2,1,1,1,1,2,2,1,0,0,1,2,2,1,1,2,1,0,0,2,1,0,0,1,2,2,1,0,2,0,0,1,0,2,1,0,2,1,1,1,0,1,2,1,2,2,0,1,1,1,1,2,2,0,1,2,2,0,0,1,0,1,1,0,1,2,1,2,1,2,0,2,1,0,2,2]
-37.0:[2, 2, 1, 2, 0, 0, 2, 1, 0, 1, 2, 2, 1, 1, 0, 0, 2, 2, 0, 2, 1, 0, 2, 1, 1, 1, 1, 2, 2, 1, 0, 0, 1, 2, 2, 1, 1, 2, 1, 0, 0, 2, 1, 0, 0, 1, 2, 2, 1, 0, 2, 0, 0, 1, 0, 2, 1, 0, 2, 1, 1, 1, 0, 1, 2, 1, 2, 2, 0, 1, 1, 1, 1, 2, 2, 0, 1, 2, 2, 0, 0, 1, 0, 1, 1, 0, 1, 2, 1, 2, 1, 2, 0, 2, 1, 0, 2, 2]
End Time: Seg Jul 4 21:20:48 BRT 2016 --- run in 1:48:21 ---

==> run_hypdp_cluster.sh.o199107 <==
Best: -38.0 	[0,1,0,2,2,1,0,1,1,1,1,0,0,1,1,1,2,1,2,2,0,0,2,2,0,1,0,0,2,1,1,1,0,0,1,1,2,1,1,1,2,0,2,2,1,2,0,0,1,0,2,2,0,0,1,1,0,0,2,2,1,2,1,0,1,2,2,1,0,2,1,0,1,2,0,1,2,0,1,2,2,0,2,2,0,2,0,1,1,2,0,0,1,2,1,1,1,1]
-38.0:[0, 1, 0, 2, 2, 1, 0, 1, 1, 1, 1, 0, 0, 1, 1, 1, 2, 1, 2, 2, 0, 0, 2, 2, 0, 1, 0, 0, 2, 1, 1, 1, 0, 0, 1, 1, 2, 1, 1, 1, 2, 0, 2, 2, 1, 2, 0, 0, 1, 0, 2, 2, 0, 0, 1, 1, 0, 0, 2, 2, 1, 2, 1, 0, 1, 2, 2, 1, 0, 2, 1, 0, 1, 2, 0, 1, 2, 0, 1, 2, 2, 0, 2, 2, 0, 2, 0, 1, 1, 2, 0, 0, 1, 2, 1, 1, 1, 1]
End Time: Seg Jul 4 21:50:52 BRT 2016 --- run in 2:18:50 ---

==> run_hypdp_cluster.sh.o199108 <==
Best: -38.0 	[1,1,0,0,1,1,2,1,1,0,2,2,1,2,1,1,0,1,0,0,2,1,2,2,0,1,1,1,1,2,2,1,1,1,0,0,1,1,1,1,1,2,1,1,2,1,2,2,0,0,1,1,0,0,2,1,0,1,2,2,0,1,2,1,1,1,1,0,1,1,1,0,0,2,1,0,1,2,2,0,0,2,1,0,0,2,2,1,1,1,1,0,0,1,1,2,0,0]
-38.0:[1, 1, 0, 0, 1, 1, 2, 1, 1, 0, 2, 2, 1, 2, 1, 1, 0, 1, 0, 0, 2, 1, 2, 2, 0, 1, 1, 1, 1, 2, 2, 1, 1, 1, 0, 0, 1, 1, 1, 1, 1, 2, 1, 1, 2, 1, 2, 2, 0, 0, 1, 1, 0, 0, 2, 1, 0, 1, 2, 2, 0, 1, 2, 1, 1, 1, 1, 0, 1, 1, 1, 0, 0, 2, 1, 0, 1, 2, 2, 0, 0, 2, 1, 0, 0, 2, 2, 1, 1, 1, 1, 0, 0, 1, 1, 2, 0, 0]
End Time: Seg Jul 4 23:01:22 BRT 2016 --- run in 1:43:25 ---
