==> run_hypdp_cluster.sh.o198189 <==
Best: -27.0 	[1,1,2,2,1,1,0,0,1,1,1,2,2,1,0,2,2,0,0,1,2,2,1,1,1,1,1,1,0,1,2,1,2,2,0,0,2,1,1,1,0,0,2,2,1,2,1,1,1,1,2,1,1,2,2,1,0,0,1,1,0,1]
-27.0:[1, 1, 2, 2, 1, 1, 0, 0, 1, 1, 1, 2, 2, 1, 0, 2, 2, 0, 0, 1, 2, 2, 1, 1, 1, 1, 1, 1, 0, 1, 2, 1, 2, 2, 0, 0, 2, 1, 1, 1, 0, 0, 2, 2, 1, 2, 1, 1, 1, 1, 2, 1, 1, 2, 2, 1, 0, 0, 1, 1, 0, 1]
End Time: Seg Jun 27 18:01:40 BRT 2016 --- run in 0:11:5 ---

==> run_hypdp_cluster.sh.o198190 <==
Best: -26.0 	[2,2,0,0,1,1,2,0,2,2,1,2,0,1,1,1,1,0,1,2,2,0,1,2,2,0,2,1,0,1,2,2,1,0,0,1,1,1,2,1,1,0,2,0,2,2,1,0,2,1,1,2,2,1,0,0,1,2,2,1,0,1]
-26.0:[2, 2, 0, 0, 1, 1, 2, 0, 2, 2, 1, 2, 0, 1, 1, 1, 1, 0, 1, 2, 2, 0, 1, 2, 2, 0, 2, 1, 0, 1, 2, 2, 1, 0, 0, 1, 1, 1, 2, 1, 1, 0, 2, 0, 2, 2, 1, 0, 2, 1, 1, 2, 2, 1, 0, 0, 1, 2, 2, 1, 0, 1]
End Time: Seg Jun 27 18:01:40 BRT 2016 --- run in 0:11:5 ---

==> run_hypdp_cluster.sh.o198191 <==
Best: -29.0 	[1,0,1,0,0,2,2,0,0,2,0,0,2,0,1,1,1,0,2,0,0,2,2,1,0,1,0,0,2,2,1,0,0,2,2,1,1,0,0,2,1,1,1,1,0,0,1,2,1,2,0,0,1,0,2,0,1,2,2,1,0,1]
-29.0:[1, 0, 1, 0, 0, 2, 2, 0, 0, 2, 0, 0, 2, 0, 1, 1, 1, 0, 2, 0, 0, 2, 2, 1, 0, 1, 0, 0, 2, 2, 1, 0, 0, 2, 2, 1, 1, 0, 0, 2, 1, 1, 1, 1, 0, 0, 1, 2, 1, 2, 0, 0, 1, 0, 2, 0, 1, 2, 2, 1, 0, 1]
End Time: Seg Jun 27 18:01:44 BRT 2016 --- run in 0:11:9 ---

==> run_hypdp_cluster.sh.o198192 <==
Best: -25.0 	[1,1,0,0,2,0,0,2,2,1,2,1,0,0,1,1,0,1,1,2,2,1,1,1,2,0,2,1,1,0,2,2,0,1,2,1,1,2,2,1,0,0,1,1,0,2,1,1,2,1,1,1,0,0,2,1,2,2,0,1,2,2]
-25.0:[1, 1, 0, 0, 2, 0, 0, 2, 2, 1, 2, 1, 0, 0, 1, 1, 0, 1, 1, 2, 2, 1, 1, 1, 2, 0, 2, 1, 1, 0, 2, 2, 0, 1, 2, 1, 1, 2, 2, 1, 0, 0, 1, 1, 0, 2, 1, 1, 2, 1, 1, 1, 0, 0, 2, 1, 2, 2, 0, 1, 2, 2]
End Time: Seg Jun 27 18:01:41 BRT 2016 --- run in 0:11:6 ---

==> run_hypdp_cluster.sh.o198193 <==
Best: -29.0 	[2,1,0,1,1,1,1,2,1,2,2,0,1,1,0,0,1,2,1,0,0,2,2,1,0,1,0,0,2,2,0,0,2,2,0,0,2,1,1,1,1,0,0,1,1,1,2,2,1,1,1,0,0,1,1,1,2,1,2,2,0,1]
-29.0:[2, 1, 0, 1, 1, 1, 1, 2, 1, 2, 2, 0, 1, 1, 0, 0, 1, 2, 1, 0, 0, 2, 2, 1, 0, 1, 0, 0, 2, 2, 0, 0, 2, 2, 0, 0, 2, 1, 1, 1, 1, 0, 0, 1, 1, 1, 2, 2, 1, 1, 1, 0, 0, 1, 1, 1, 2, 1, 2, 2, 0, 1]
End Time: Seg Jun 27 18:01:44 BRT 2016 --- run in 0:11:9 ---

==> run_hypdp_cluster.sh.o198194 <==
Best: -27.0 	[0,1,1,1,1,1,0,1,0,0,2,2,1,2,0,0,1,1,2,0,0,2,1,1,1,1,0,0,2,1,2,2,0,2,1,0,1,0,0,2,2,0,0,1,2,0,1,1,1,0,1,2,0,2,2,1,0,1,0,0,2,2]
-27.0:[0, 1, 1, 1, 1, 1, 0, 1, 0, 0, 2, 2, 1, 2, 0, 0, 1, 1, 2, 0, 0, 2, 1, 1, 1, 1, 0, 0, 2, 1, 2, 2, 0, 2, 1, 0, 1, 0, 0, 2, 2, 0, 0, 1, 2, 0, 1, 1, 1, 0, 1, 2, 0, 2, 2, 1, 0, 1, 0, 0, 2, 2]
End Time: Seg Jun 27 18:02:00 BRT 2016 --- run in 0:11:10 ---

==> run_hypdp_cluster.sh.o198195 <==
Best: -29.0 	[1,0,0,1,2,2,1,0,0,1,1,0,1,1,1,2,2,0,0,2,2,0,1,2,2,0,2,2,0,1,0,0,2,2,0,0,1,2,1,1,2,2,1,0,0,1,2,2,1,1,0,1,1,0,0,1,2,1,2,1,2,2]
-29.0:[1, 0, 0, 1, 2, 2, 1, 0, 0, 1, 1, 0, 1, 1, 1, 2, 2, 0, 0, 2, 2, 0, 1, 2, 2, 0, 2, 2, 0, 1, 0, 0, 2, 2, 0, 0, 1, 2, 1, 1, 2, 2, 1, 0, 0, 1, 2, 2, 1, 1, 0, 1, 1, 0, 0, 1, 2, 1, 2, 1, 2, 2]
End Time: Seg Jun 27 18:02:04 BRT 2016 --- run in 0:11:13 ---

==> run_hypdp_cluster.sh.o198196 <==
Best: -29.0 	[0,0,2,1,2,2,0,2,1,1,0,1,1,0,1,0,0,2,2,1,1,0,2,1,1,1,0,1,1,1,0,0,2,0,0,2,2,1,2,1,1,0,0,2,1,1,1,2,0,1,0,1,1,1,1,0,0,1,2,0,0,2]
-29.0:[0, 0, 2, 1, 2, 2, 0, 2, 1, 1, 0, 1, 1, 0, 1, 0, 0, 2, 2, 1, 1, 0, 2, 1, 1, 1, 0, 1, 1, 1, 0, 0, 2, 0, 0, 2, 2, 1, 2, 1, 1, 0, 0, 2, 1, 1, 1, 2, 0, 1, 0, 1, 1, 1, 1, 0, 0, 1, 2, 0, 0, 2]
End Time: Seg Jun 27 18:02:14 BRT 2016 --- run in 0:11:23 ---

==> run_hypdp_cluster.sh.o198197 <==
Best: -27.0 	[0,1,0,0,2,2,0,1,0,0,2,1,2,2,0,1,1,2,1,2,2,0,0,1,2,1,0,1,0,1,2,2,1,1,0,0,1,2,2,0,1,2,2,1,0,1,2,1,1,0,2,2,1,2,0,0,1,0,1,1,2,1]
-27.0:[0, 1, 0, 0, 2, 2, 0, 1, 0, 0, 2, 1, 2, 2, 0, 1, 1, 2, 1, 2, 2, 0, 0, 1, 2, 1, 0, 1, 0, 1, 2, 2, 1, 1, 0, 0, 1, 2, 2, 0, 1, 2, 2, 1, 0, 1, 2, 1, 1, 0, 2, 2, 1, 2, 0, 0, 1, 0, 1, 1, 2, 1]
End Time: Seg Jun 27 18:02:07 BRT 2016 --- run in 0:11:16 ---

==> run_hypdp_cluster.sh.o198198 <==
Best: -26.0 	[2,1,0,1,0,0,2,2,1,0,2,2,1,2,0,0,2,0,2,1,2,1,0,2,2,1,2,0,0,1,0,1,2,2,1,0,1,2,2,0,0,1,2,1,2,1,1,0,2,2,0,0,2,0,0,1,2,2,1,0,0,1]
-26.0:[2, 1, 0, 1, 0, 0, 2, 2, 1, 0, 2, 2, 1, 2, 0, 0, 2, 0, 2, 1, 2, 1, 0, 2, 2, 1, 2, 0, 0, 1, 0, 1, 2, 2, 1, 0, 1, 2, 2, 0, 0, 1, 2, 1, 2, 1, 1, 0, 2, 2, 0, 0, 2, 0, 0, 1, 2, 2, 1, 0, 0, 1]
End Time: Seg Jun 27 18:02:09 BRT 2016 --- run in 0:11:18 ---

==> run_hypdp_cluster.sh.o198199 <==
Best: -29.0 	[2,2,1,2,1,2,1,0,1,0,0,2,2,1,0,0,1,1,2,0,0,2,2,0,0,2,1,1,0,0,1,2,1,1,1,0,2,0,0,2,1,2,2,0,1,0,0,2,0,2,0,2,0,0,1,1,1,1,1,2,1,1]
-29.0:[2, 2, 1, 2, 1, 2, 1, 0, 1, 0, 0, 2, 2, 1, 0, 0, 1, 1, 2, 0, 0, 2, 2, 0, 0, 2, 1, 1, 0, 0, 1, 2, 1, 1, 1, 0, 2, 0, 0, 2, 1, 2, 2, 0, 1, 0, 0, 2, 0, 2, 0, 2, 0, 0, 1, 1, 1, 1, 1, 2, 1, 1]
End Time: Seg Jun 27 18:02:01 BRT 2016 --- run in 0:11:10 ---

==> run_hypdp_cluster.sh.o198200 <==
Best: -29.0 	[0,0,2,2,1,1,0,0,1,1,2,2,1,1,0,1,1,1,1,1,0,1,1,0,0,2,0,2,2,1,0,0,1,2,2,1,1,0,1,1,2,0,0,2,1,0,1,2,0,1,1,0,1,0,0,2,2,1,2,1,0,1]
-29.0:[0, 0, 2, 2, 1, 1, 0, 0, 1, 1, 2, 2, 1, 1, 0, 1, 1, 1, 1, 1, 0, 1, 1, 0, 0, 2, 0, 2, 2, 1, 0, 0, 1, 2, 2, 1, 1, 0, 1, 1, 2, 0, 0, 2, 1, 0, 1, 2, 0, 1, 1, 0, 1, 0, 0, 2, 2, 1, 2, 1, 0, 1]
End Time: Seg Jun 27 18:02:32 BRT 2016 --- run in 0:11:27 ---

==> run_hypdp_cluster.sh.o198201 <==
Best: -29.0 	[2,1,2,2,0,2,0,0,1,0,2,0,1,1,1,1,0,1,0,0,2,2,1,2,0,1,0,0,2,2,0,0,2,1,1,0,2,0,0,2,2,0,0,2,1,1,1,0,0,2,1,1,0,2,0,0,1,1,1,0,0,1]
-29.0:[2, 1, 2, 2, 0, 2, 0, 0, 1, 0, 2, 0, 1, 1, 1, 1, 0, 1, 0, 0, 2, 2, 1, 2, 0, 1, 0, 0, 2, 2, 0, 0, 2, 1, 1, 0, 2, 0, 0, 2, 2, 0, 0, 2, 1, 1, 1, 0, 0, 2, 1, 1, 0, 2, 0, 0, 1, 1, 1, 0, 0, 1]
End Time: Seg Jun 27 18:02:39 BRT 2016 --- run in 0:11:33 ---

==> run_hypdp_cluster.sh.o198202 <==
Best: -28.0 	[1,0,0,1,1,0,1,0,2,1,2,1,1,1,2,0,0,1,0,2,0,1,0,2,1,2,0,0,1,2,0,0,2,2,1,1,0,0,2,1,1,0,0,2,2,1,0,2,0,0,1,0,2,2,1,0,1,1,2,0,0,1]
-28.0:[1, 0, 0, 1, 1, 0, 1, 0, 2, 1, 2, 1, 1, 1, 2, 0, 0, 1, 0, 2, 0, 1, 0, 2, 1, 2, 0, 0, 1, 2, 0, 0, 2, 2, 1, 1, 0, 0, 2, 1, 1, 0, 0, 2, 2, 1, 0, 2, 0, 0, 1, 0, 2, 2, 1, 0, 1, 1, 2, 0, 0, 1]
End Time: Seg Jun 27 18:02:47 BRT 2016 --- run in 0:11:41 ---

==> run_hypdp_cluster.sh.o198203 <==
Best: -26.0 	[1,2,2,1,0,1,2,2,1,1,1,1,1,0,1,0,0,2,2,1,2,1,1,0,0,1,1,1,0,2,1,1,1,2,0,1,1,0,0,1,2,1,1,1,1,1,0,1,1,0,0,1,2,1,1,1,2,2,0,1,1,0]
-26.0:[1, 2, 2, 1, 0, 1, 2, 2, 1, 1, 1, 1, 1, 0, 1, 0, 0, 2, 2, 1, 2, 1, 1, 0, 0, 1, 1, 1, 0, 2, 1, 1, 1, 2, 0, 1, 1, 0, 0, 1, 2, 1, 1, 1, 1, 1, 0, 1, 1, 0, 0, 1, 2, 1, 1, 1, 2, 2, 0, 1, 1, 0]
End Time: Seg Jun 27 18:02:43 BRT 2016 --- run in 0:11:37 ---

==> run_hypdp_cluster.sh.o198204 <==
Best: -27.0 	[2,1,2,2,0,2,0,1,1,2,1,2,0,2,0,2,2,1,2,0,0,1,0,2,2,0,2,1,1,1,2,1,1,2,0,2,0,1,1,1,1,1,2,1,1,1,1,2,1,1,2,1,1,1,2,1,2,2,0,1,0,0]
-27.0:[2, 1, 2, 2, 0, 2, 0, 1, 1, 2, 1, 2, 0, 2, 0, 2, 2, 1, 2, 0, 0, 1, 0, 2, 2, 0, 2, 1, 1, 1, 2, 1, 1, 2, 0, 2, 0, 1, 1, 1, 1, 1, 2, 1, 1, 1, 1, 2, 1, 1, 2, 1, 1, 1, 2, 1, 2, 2, 0, 1, 0, 0]
End Time: Seg Jun 27 18:02:46 BRT 2016 --- run in 0:11:40 ---

==> run_hypdp_cluster.sh.o198205 <==
Best: -29.0 	[0,0,2,0,1,1,2,2,1,1,1,1,1,0,0,2,2,1,1,2,2,0,0,2,2,1,1,0,0,1,2,2,1,0,2,1,0,0,2,2,0,2,2,0,1,2,1,0,2,2,1,2,1,0,0,1,1,0,1,1,2,1]
-29.0:[0, 0, 2, 0, 1, 1, 2, 2, 1, 1, 1, 1, 1, 0, 0, 2, 2, 1, 1, 2, 2, 0, 0, 2, 2, 1, 1, 0, 0, 1, 2, 2, 1, 0, 2, 1, 0, 0, 2, 2, 0, 2, 2, 0, 1, 2, 1, 0, 2, 2, 1, 2, 1, 0, 0, 1, 1, 0, 1, 1, 2, 1]
End Time: Seg Jun 27 18:02:41 BRT 2016 --- run in 0:11:35 ---

==> run_hypdp_cluster.sh.o198206 <==
Best: -29.0 	[2,2,0,2,2,1,1,0,0,1,2,2,0,0,1,0,1,2,0,2,0,0,2,0,2,1,0,1,2,2,1,0,0,1,1,0,2,1,0,2,1,0,0,2,2,0,1,0,0,2,1,1,0,0,1,2,2,0,2,2,0,1]
-29.0:[2, 2, 0, 2, 2, 1, 1, 0, 0, 1, 2, 2, 0, 0, 1, 0, 1, 2, 0, 2, 0, 0, 2, 0, 2, 1, 0, 1, 2, 2, 1, 0, 0, 1, 1, 0, 2, 1, 0, 2, 1, 0, 0, 2, 2, 0, 1, 0, 0, 2, 1, 1, 0, 0, 1, 2, 2, 0, 2, 2, 0, 1]
End Time: Seg Jun 27 18:09:18 BRT 2016 --- run in 0:15:1 ---

==> run_hypdp_cluster.sh.o198207 <==
Best: -28.0 	[2,2,1,0,0,1,1,0,1,2,2,1,1,0,1,1,0,0,1,2,1,1,1,1,0,1,1,1,1,2,0,0,2,2,0,0,2,1,0,1,0,0,2,1,2,1,1,0,0,1,1,2,1,1,1,1,2,2,1,1,1,0]
-28.0:[2, 2, 1, 0, 0, 1, 1, 0, 1, 2, 2, 1, 1, 0, 1, 1, 0, 0, 1, 2, 1, 1, 1, 1, 0, 1, 1, 1, 1, 2, 0, 0, 2, 2, 0, 0, 2, 1, 0, 1, 0, 0, 2, 1, 2, 1, 1, 0, 0, 1, 1, 2, 1, 1, 1, 1, 2, 2, 1, 1, 1, 0]
End Time: Seg Jun 27 18:09:21 BRT 2016 --- run in 0:15:4 ---

==> run_hypdp_cluster.sh.o198208 <==
Best: -27.0 	[2,0,0,2,2,0,2,2,1,1,1,2,0,0,1,0,1,1,2,2,0,0,1,0,1,2,1,0,1,2,1,0,1,1,0,0,1,2,1,2,2,0,1,0,1,1,1,1,1,0,0,1,1,1,2,2,1,1,1,1,0,0]
-27.0:[2, 0, 0, 2, 2, 0, 2, 2, 1, 1, 1, 2, 0, 0, 1, 0, 1, 1, 2, 2, 0, 0, 1, 0, 1, 2, 1, 0, 1, 2, 1, 0, 1, 1, 0, 0, 1, 2, 1, 2, 2, 0, 1, 0, 1, 1, 1, 1, 1, 0, 0, 1, 1, 1, 2, 2, 1, 1, 1, 1, 0, 0]
End Time: Seg Jun 27 18:09:25 BRT 2016 --- run in 0:15:8 ---

==> run_hypdp_cluster.sh.o198209 <==
Best: -28.0 	[2,2,1,1,1,2,2,1,0,2,0,0,2,1,1,0,0,2,0,0,2,1,2,2,0,0,1,1,1,1,0,0,2,1,1,1,2,1,0,2,1,0,0,2,1,1,0,2,0,0,1,1,2,0,2,0,0,1,0,2,0,1]
-28.0:[2, 2, 1, 1, 1, 2, 2, 1, 0, 2, 0, 0, 2, 1, 1, 0, 0, 2, 0, 0, 2, 1, 2, 2, 0, 0, 1, 1, 1, 1, 0, 0, 2, 1, 1, 1, 2, 1, 0, 2, 1, 0, 0, 2, 1, 1, 0, 2, 0, 0, 1, 1, 2, 0, 2, 0, 0, 1, 0, 2, 0, 1]
End Time: Seg Jun 27 18:09:22 BRT 2016 --- run in 0:15:5 ---

==> run_hypdp_cluster.sh.o198210 <==
Best: -27.0 	[0,0,1,1,2,2,1,1,1,0,1,0,0,2,2,0,0,2,1,0,1,1,0,2,1,0,0,2,1,1,2,2,0,0,1,0,2,1,1,0,1,1,0,2,2,0,1,0,0,2,0,2,0,0,2,0,2,2,1,2,0,2]
-27.0:[0, 0, 1, 1, 2, 2, 1, 1, 1, 0, 1, 0, 0, 2, 2, 0, 0, 2, 1, 0, 1, 1, 0, 2, 1, 0, 0, 2, 1, 1, 2, 2, 0, 0, 1, 0, 2, 1, 1, 0, 1, 1, 0, 2, 2, 0, 1, 0, 0, 2, 0, 2, 0, 0, 2, 0, 2, 2, 1, 2, 0, 2]
End Time: Seg Jun 27 18:09:22 BRT 2016 --- run in 0:15:5 ---

==> run_hypdp_cluster.sh.o198211 <==
Best: -30.0 	[1,0,0,1,1,0,1,0,1,1,1,1,2,2,0,2,2,0,0,1,1,1,1,1,2,1,2,2,0,1,0,0,2,1,2,1,0,2,2,0,0,2,2,0,0,1,2,2,1,1,2,1,1,1,0,0,2,2,1,2,1,0]
-30.0:[1, 0, 0, 1, 1, 0, 1, 0, 1, 1, 1, 1, 2, 2, 0, 2, 2, 0, 0, 1, 1, 1, 1, 1, 2, 1, 2, 2, 0, 1, 0, 0, 2, 1, 2, 1, 0, 2, 2, 0, 0, 2, 2, 0, 0, 1, 2, 2, 1, 1, 2, 1, 1, 1, 0, 0, 2, 2, 1, 2, 1, 0]
End Time: Seg Jun 27 18:09:22 BRT 2016 --- run in 0:15:5 ---

==> run_hypdp_cluster.sh.o198212 <==
Best: -26.0 	[2,2,1,1,1,1,0,0,1,1,1,1,1,1,1,0,0,1,2,2,0,1,0,0,2,2,0,1,1,2,0,0,2,2,0,1,0,1,1,1,2,2,0,1,0,1,0,2,0,1,0,2,0,1,2,1,1,1,0,0,1,1]
-26.0:[2, 2, 1, 1, 1, 1, 0, 0, 1, 1, 1, 1, 1, 1, 1, 0, 0, 1, 2, 2, 0, 1, 0, 0, 2, 2, 0, 1, 1, 2, 0, 0, 2, 2, 0, 1, 0, 1, 1, 1, 2, 2, 0, 1, 0, 1, 0, 2, 0, 1, 0, 2, 0, 1, 2, 1, 1, 1, 0, 0, 1, 1]
End Time: Seg Jun 27 18:09:18 BRT 2016 --- run in 0:15:1 ---

==> run_hypdp_cluster.sh.o198213 <==
Best: -27.0 	[0,1,0,0,2,0,2,1,2,2,0,0,1,0,1,1,0,1,2,2,0,2,0,1,1,1,1,0,0,1,2,2,1,1,0,0,1,2,0,2,1,0,0,1,1,1,2,1,2,2,0,0,1,0,2,2,1,2,1,1,0,0]
-27.0:[0, 1, 0, 0, 2, 0, 2, 1, 2, 2, 0, 0, 1, 0, 1, 1, 0, 1, 2, 2, 0, 2, 0, 1, 1, 1, 1, 0, 0, 1, 2, 2, 1, 1, 0, 0, 1, 2, 0, 2, 1, 0, 0, 1, 1, 1, 2, 1, 2, 2, 0, 0, 1, 0, 2, 2, 1, 2, 1, 1, 0, 0]
End Time: Seg Jun 27 18:09:23 BRT 2016 --- run in 0:15:6 ---

==> run_hypdp_cluster.sh.o198214 <==
Best: -26.0 	[1,0,0,2,2,0,2,2,0,0,2,2,0,2,1,2,2,0,0,1,0,1,2,2,1,1,1,2,0,0,2,2,0,2,1,2,0,1,2,0,0,1,1,2,1,2,1,0,2,2,0,1,2,0,1,2,2,1,1,2,0,1]
-26.0:[1, 0, 0, 2, 2, 0, 2, 2, 0, 0, 2, 2, 0, 2, 1, 2, 2, 0, 0, 1, 0, 1, 2, 2, 1, 1, 1, 2, 0, 0, 2, 2, 0, 2, 1, 2, 0, 1, 2, 0, 0, 1, 1, 2, 1, 2, 1, 0, 2, 2, 0, 1, 2, 0, 1, 2, 2, 1, 1, 2, 0, 1]
End Time: Seg Jun 27 18:09:24 BRT 2016 --- run in 0:15:7 ---

==> run_hypdp_cluster.sh.o198215 <==
Best: -26.0 	[1,1,0,1,0,0,2,2,1,2,0,0,1,0,2,2,1,0,1,1,1,2,0,0,2,0,0,1,2,1,0,0,1,2,2,1,0,1,1,2,2,0,1,1,1,0,0,2,1,1,1,1,0,2,0,0,1,0,2,1,1,1]
-26.0:[1, 1, 0, 1, 0, 0, 2, 2, 1, 2, 0, 0, 1, 0, 2, 2, 1, 0, 1, 1, 1, 2, 0, 0, 2, 0, 0, 1, 2, 1, 0, 0, 1, 2, 2, 1, 0, 1, 1, 2, 2, 0, 1, 1, 1, 0, 0, 2, 1, 1, 1, 1, 0, 2, 0, 0, 1, 0, 2, 1, 1, 1]
End Time: Seg Jun 27 18:09:24 BRT 2016 --- run in 0:15:7 ---

==> run_hypdp_cluster.sh.o198216 <==
Best: -28.0 	[2,0,0,2,1,1,0,2,0,0,2,0,1,0,0,2,2,1,2,0,0,2,1,0,2,0,0,1,2,1,0,0,2,2,1,2,0,0,1,1,1,1,1,0,1,1,1,1,0,0,2,1,1,0,1,0,0,2,2,1,2,1]
-28.0:[2, 0, 0, 2, 1, 1, 0, 2, 0, 0, 2, 0, 1, 0, 0, 2, 2, 1, 2, 0, 0, 2, 1, 0, 2, 0, 0, 1, 2, 1, 0, 0, 2, 2, 1, 2, 0, 0, 1, 1, 1, 1, 1, 0, 1, 1, 1, 1, 0, 0, 2, 1, 1, 0, 1, 0, 0, 2, 2, 1, 2, 1]
End Time: Seg Jun 27 18:09:19 BRT 2016 --- run in 0:15:2 ---

==> run_hypdp_cluster.sh.o198217 <==
Best: -27.0 	[0,0,1,0,1,1,0,0,2,2,0,0,1,1,1,2,0,2,1,0,0,1,2,1,1,1,1,0,2,1,0,0,1,2,0,1,1,1,1,0,1,2,2,1,1,1,1,1,0,1,1,0,2,0,0,1,0,2,2,1,1,1]
-27.0:[0, 0, 1, 0, 1, 1, 0, 0, 2, 2, 0, 0, 1, 1, 1, 2, 0, 2, 1, 0, 0, 1, 2, 1, 1, 1, 1, 0, 2, 1, 0, 0, 1, 2, 0, 1, 1, 1, 1, 0, 1, 2, 2, 1, 1, 1, 1, 1, 0, 1, 1, 0, 2, 0, 0, 1, 0, 2, 2, 1, 1, 1]
End Time: Seg Jun 27 18:12:13 BRT 2016 --- run in 0:10:23 ---

==> run_hypdp_cluster.sh.o198218 <==
Best: -30.0 	[0,1,0,0,2,0,2,1,2,2,0,2,0,2,0,2,2,0,1,2,2,0,1,0,2,0,0,2,2,1,1,2,0,1,2,2,0,2,2,0,0,1,2,0,0,1,2,0,1,2,2,1,0,2,2,1,0,0,1,1,0,1]
-30.0:[0, 1, 0, 0, 2, 0, 2, 1, 2, 2, 0, 2, 0, 2, 0, 2, 2, 0, 1, 2, 2, 0, 1, 0, 2, 0, 0, 2, 2, 1, 1, 2, 0, 1, 2, 2, 0, 2, 2, 0, 0, 1, 2, 0, 0, 1, 2, 0, 1, 2, 2, 1, 0, 2, 2, 1, 0, 0, 1, 1, 0, 1]
End Time: Seg Jun 27 18:12:15 BRT 2016 --- run in 0:10:25 ---
