==> run_hypdp_cluster.sh.o198249 <==
Best: -41.0 	[0,0,1,1,0,0,2,0,2,0,0,2,1,2,2,0,0,2,2,0,1,0,0,2,0,1,1,1,1,0,2,2,1,0,0,2,2,1,2,1,0,2,1,2,2,0,0,1,1,1,1,0,0,2,1,0,0,1,2,2,1,1,0,0,2,2,1,1,2,2,0,1,2,0,0,2,2,1,1,0,0,2,2]
-41.0:[0, 0, 1, 1, 0, 0, 2, 0, 2, 0, 0, 2, 1, 2, 2, 0, 0, 2, 2, 0, 1, 0, 0, 2, 0, 1, 1, 1, 1, 0, 2, 2, 1, 0, 0, 2, 2, 1, 2, 1, 0, 2, 1, 2, 2, 0, 0, 1, 1, 1, 1, 0, 0, 2, 1, 0, 0, 1, 2, 2, 1, 1, 0, 0, 2, 2, 1, 1, 2, 2, 0, 1, 2, 0, 0, 2, 2, 1, 1, 0, 0, 2, 2]
End Time: Seg Jun 27 19:11:17 BRT 2016 --- run in 0:11:12 ---

==> run_hypdp_cluster.sh.o198250 <==
Best: -41.0 	[0,1,0,1,0,1,1,2,0,2,1,1,0,1,0,0,2,2,1,0,1,1,1,0,1,0,0,2,1,2,2,0,2,0,2,2,0,1,0,1,0,2,1,2,2,0,0,2,2,1,2,0,0,2,0,1,1,0,1,1,0,0,1,2,2,1,1,1,2,2,0,1,2,1,0,2,2,0,1,0,0,2,1]
-41.0:[0, 1, 0, 1, 0, 1, 1, 2, 0, 2, 1, 1, 0, 1, 0, 0, 2, 2, 1, 0, 1, 1, 1, 0, 1, 0, 0, 2, 1, 2, 2, 0, 2, 0, 2, 2, 0, 1, 0, 1, 0, 2, 1, 2, 2, 0, 0, 2, 2, 1, 2, 0, 0, 2, 0, 1, 1, 0, 1, 1, 0, 0, 1, 2, 2, 1, 1, 1, 2, 2, 0, 1, 2, 1, 0, 2, 2, 0, 1, 0, 0, 2, 1]
End Time: Seg Jun 27 19:11:23 BRT 2016 --- run in 0:11:17 ---

==> run_hypdp_cluster.sh.o198251 <==
Best: -43.0 	[1,2,1,1,2,2,1,0,1,2,1,2,0,1,0,0,2,0,1,2,0,2,2,1,2,0,1,2,0,2,1,0,0,1,2,2,1,0,0,1,2,1,0,0,1,1,2,0,0,2,2,0,2,2,1,1,0,2,2,1,0,1,1,1,2,2,0,1,0,0,2,0,1,1,1,0,0,2,2,0,1,0,0]
-43.0:[1, 2, 1, 1, 2, 2, 1, 0, 1, 2, 1, 2, 0, 1, 0, 0, 2, 0, 1, 2, 0, 2, 2, 1, 2, 0, 1, 2, 0, 2, 1, 0, 0, 1, 2, 2, 1, 0, 0, 1, 2, 1, 0, 0, 1, 1, 2, 0, 0, 2, 2, 0, 2, 2, 1, 1, 0, 2, 2, 1, 0, 1, 1, 1, 2, 2, 0, 1, 0, 0, 2, 0, 1, 1, 1, 0, 0, 2, 2, 0, 1, 0, 0]
End Time: Seg Jun 27 19:11:13 BRT 2016 --- run in 0:11:8 ---

==> run_hypdp_cluster.sh.o198252 <==
Best: -42.0 	[0,0,1,1,0,1,0,2,0,0,2,2,1,0,1,2,2,1,0,0,1,1,0,1,1,0,1,2,1,1,2,2,1,0,0,2,1,0,0,1,2,0,1,2,2,1,1,0,1,1,1,1,1,0,0,1,2,1,0,1,0,0,2,2,1,2,1,1,2,1,0,2,2,0,1,2,2,0,0,1,2,0,1]
-42.0:[0, 0, 1, 1, 0, 1, 0, 2, 0, 0, 2, 2, 1, 0, 1, 2, 2, 1, 0, 0, 1, 1, 0, 1, 1, 0, 1, 2, 1, 1, 2, 2, 1, 0, 0, 2, 1, 0, 0, 1, 2, 0, 1, 2, 2, 1, 1, 0, 1, 1, 1, 1, 1, 0, 0, 1, 2, 1, 0, 1, 0, 0, 2, 2, 1, 2, 1, 1, 2, 1, 0, 2, 2, 0, 1, 2, 2, 0, 0, 1, 2, 0, 1]
End Time: Seg Jun 27 19:11:18 BRT 2016 --- run in 0:11:13 ---

==> run_hypdp_cluster.sh.o198253 <==
Best: -40.0 	[1,2,2,0,2,2,0,1,1,2,1,2,2,0,0,2,1,1,1,0,0,2,1,0,0,1,2,2,1,1,2,1,0,0,2,2,0,1,0,1,0,1,1,2,2,1,1,0,0,1,1,2,0,1,1,0,0,1,2,2,1,1,2,1,1,0,2,1,0,0,1,2,1,0,2,0,0,2,2,1,2,0,0]
-40.0:[1, 2, 2, 0, 2, 2, 0, 1, 1, 2, 1, 2, 2, 0, 0, 2, 1, 1, 1, 0, 0, 2, 1, 0, 0, 1, 2, 2, 1, 1, 2, 1, 0, 0, 2, 2, 0, 1, 0, 1, 0, 1, 1, 2, 2, 1, 1, 0, 0, 1, 1, 2, 0, 1, 1, 0, 0, 1, 2, 2, 1, 1, 2, 1, 1, 0, 2, 1, 0, 0, 1, 2, 1, 0, 2, 0, 0, 2, 2, 1, 2, 0, 0]
End Time: Seg Jun 27 19:11:25 BRT 2016 --- run in 0:11:19 ---

==> run_hypdp_cluster.sh.o198254 <==
Best: -41.0 	[2,2,1,1,2,2,0,2,1,0,0,2,0,0,2,2,0,0,2,2,1,1,2,1,2,0,1,1,2,0,2,1,1,1,0,1,1,0,0,1,2,1,1,2,2,1,0,0,1,2,2,1,1,0,0,1,1,2,2,1,1,1,0,0,1,1,1,1,0,2,2,0,0,1,1,0,1,2,2,0,0,2,1]
-41.0:[2, 2, 1, 1, 2, 2, 0, 2, 1, 0, 0, 2, 0, 0, 2, 2, 0, 0, 2, 2, 1, 1, 2, 1, 2, 0, 1, 1, 2, 0, 2, 1, 1, 1, 0, 1, 1, 0, 0, 1, 2, 1, 1, 2, 2, 1, 0, 0, 1, 2, 2, 1, 1, 0, 0, 1, 1, 2, 2, 1, 1, 1, 0, 0, 1, 1, 1, 1, 0, 2, 2, 0, 0, 1, 1, 0, 1, 2, 2, 0, 0, 2, 1]
End Time: Seg Jun 27 19:11:37 BRT 2016 --- run in 0:11:17 ---

==> run_hypdp_cluster.sh.o198255 <==
Best: -42.0 	[2,2,1,1,0,1,0,2,0,0,1,2,2,1,1,0,2,2,0,2,0,0,1,1,0,1,1,2,2,1,0,1,0,0,2,2,0,1,1,0,1,1,0,0,1,2,2,1,1,2,1,1,1,2,1,2,0,1,1,0,1,0,0,2,2,1,1,0,0,1,2,1,1,2,0,2,2,1,0,2,2,1,2]
-42.0:[2, 2, 1, 1, 0, 1, 0, 2, 0, 0, 1, 2, 2, 1, 1, 0, 2, 2, 0, 2, 0, 0, 1, 1, 0, 1, 1, 2, 2, 1, 0, 1, 0, 0, 2, 2, 0, 1, 1, 0, 1, 1, 0, 0, 1, 2, 2, 1, 1, 2, 1, 1, 1, 2, 1, 2, 0, 1, 1, 0, 1, 0, 0, 2, 2, 1, 1, 0, 0, 1, 2, 1, 1, 2, 0, 2, 2, 1, 0, 2, 2, 1, 2]
End Time: Seg Jun 27 19:11:33 BRT 2016 --- run in 0:11:13 ---

==> run_hypdp_cluster.sh.o198256 <==
Best: -41.0 	[2,2,1,0,1,1,0,0,1,2,2,1,0,1,0,0,2,1,2,1,1,0,0,2,0,0,2,2,0,2,1,0,0,1,2,0,2,2,1,2,0,1,1,1,0,0,1,2,2,1,1,1,1,2,2,1,0,1,2,0,2,2,0,0,1,0,1,2,2,1,1,2,0,0,1,1,1,0,1,0,0,2,2]
-41.0:[2, 2, 1, 0, 1, 1, 0, 0, 1, 2, 2, 1, 0, 1, 0, 0, 2, 1, 2, 1, 1, 0, 0, 2, 0, 0, 2, 2, 0, 2, 1, 0, 0, 1, 2, 0, 2, 2, 1, 2, 0, 1, 1, 1, 0, 0, 1, 2, 2, 1, 1, 1, 1, 2, 2, 1, 0, 1, 2, 0, 2, 2, 0, 0, 1, 0, 1, 2, 2, 1, 1, 2, 0, 0, 1, 1, 1, 0, 1, 0, 0, 2, 2]
End Time: Seg Jun 27 19:11:41 BRT 2016 --- run in 0:11:20 ---

==> run_hypdp_cluster.sh.o198257 <==
Best: -42.0 	[2,2,0,1,1,0,1,2,0,0,1,0,1,2,2,1,0,0,2,1,2,0,2,2,1,1,1,1,1,1,1,0,1,2,2,1,0,0,1,1,0,1,1,0,1,2,1,1,1,2,0,2,1,1,2,1,2,2,0,0,2,0,1,0,0,2,1,2,2,0,0,2,2,0,1,1,2,1,1,0,0,2,0]
-42.0:[2, 2, 0, 1, 1, 0, 1, 2, 0, 0, 1, 0, 1, 2, 2, 1, 0, 0, 2, 1, 2, 0, 2, 2, 1, 1, 1, 1, 1, 1, 1, 0, 1, 2, 2, 1, 0, 0, 1, 1, 0, 1, 1, 0, 1, 2, 1, 1, 1, 2, 0, 2, 1, 1, 2, 1, 2, 2, 0, 0, 2, 0, 1, 0, 0, 2, 1, 2, 2, 0, 0, 2, 2, 0, 1, 1, 2, 1, 1, 0, 0, 2, 0]
End Time: Seg Jun 27 19:11:34 BRT 2016 --- run in 0:11:13 ---

==> run_hypdp_cluster.sh.o198258 <==
Best: -44.0 	[2,1,1,1,2,2,0,0,2,2,1,2,1,0,0,2,1,2,0,1,1,0,1,1,1,0,2,0,1,1,1,0,0,1,1,2,0,2,2,1,2,0,0,2,2,0,1,1,2,0,2,1,1,2,2,1,0,2,0,0,1,0,2,2,1,2,0,0,2,0,1,0,0,2,2,0,0,2,1,2,2,0,0]
-44.0:[2, 1, 1, 1, 2, 2, 0, 0, 2, 2, 1, 2, 1, 0, 0, 2, 1, 2, 0, 1, 1, 0, 1, 1, 1, 0, 2, 0, 1, 1, 1, 0, 0, 1, 1, 2, 0, 2, 2, 1, 2, 0, 0, 2, 2, 0, 1, 1, 2, 0, 2, 1, 1, 2, 2, 1, 0, 2, 0, 0, 1, 0, 2, 2, 1, 2, 0, 0, 2, 0, 1, 0, 0, 2, 2, 0, 0, 2, 1, 2, 2, 0, 0]
End Time: Seg Jun 27 19:11:28 BRT 2016 --- run in 0:11:8 ---

==> run_hypdp_cluster.sh.o198259 <==
Best: -41.0 	[1,2,2,1,1,2,1,1,0,2,2,0,2,2,1,1,0,1,1,0,1,1,0,0,1,2,2,1,1,1,1,1,1,2,0,0,2,0,0,1,2,0,0,2,2,1,0,0,1,2,2,1,1,2,1,1,2,0,0,2,1,1,2,2,1,0,0,1,2,0,1,0,0,2,2,0,0,2,2,0,0,1,0]
-41.0:[1, 2, 2, 1, 1, 2, 1, 1, 0, 2, 2, 0, 2, 2, 1, 1, 0, 1, 1, 0, 1, 1, 0, 0, 1, 2, 2, 1, 1, 1, 1, 1, 1, 2, 0, 0, 2, 0, 0, 1, 2, 0, 0, 2, 2, 1, 0, 0, 1, 2, 2, 1, 1, 2, 1, 1, 2, 0, 0, 2, 1, 1, 2, 2, 1, 0, 0, 1, 2, 0, 1, 0, 0, 2, 2, 0, 0, 2, 2, 0, 0, 1, 0]
End Time: Seg Jun 27 19:11:32 BRT 2016 --- run in 0:11:11 ---

==> run_hypdp_cluster.sh.o198260 <==
Best: -43.0 	[0,0,1,1,0,0,2,0,2,0,0,2,0,1,1,0,2,0,2,0,2,2,1,1,2,1,0,1,1,2,2,1,0,1,1,1,1,1,0,0,2,0,0,2,2,0,0,2,2,1,0,1,2,2,1,1,2,0,0,1,2,2,1,0,0,1,1,1,0,0,2,2,0,1,0,0,2,2,1,2,1,1,2]
-43.0:[0, 0, 1, 1, 0, 0, 2, 0, 2, 0, 0, 2, 0, 1, 1, 0, 2, 0, 2, 0, 2, 2, 1, 1, 2, 1, 0, 1, 1, 2, 2, 1, 0, 1, 1, 1, 1, 1, 0, 0, 2, 0, 0, 2, 2, 0, 0, 2, 2, 1, 0, 1, 2, 2, 1, 1, 2, 0, 0, 1, 2, 2, 1, 0, 0, 1, 1, 1, 0, 0, 2, 2, 0, 1, 0, 0, 2, 2, 1, 2, 1, 1, 2]
End Time: Seg Jun 27 19:11:51 BRT 2016 --- run in 0:11:16 ---

==> run_hypdp_cluster.sh.o198261 <==
Best: -41.0 	[0,1,1,0,1,1,0,0,1,2,2,1,0,0,2,0,2,2,1,1,0,0,1,1,1,1,1,1,1,2,2,1,1,0,0,1,1,1,0,1,1,0,2,2,0,0,1,1,0,0,2,2,1,1,2,2,0,1,2,1,0,1,0,0,2,2,1,2,1,1,1,1,1,2,1,2,2,0,0,1,2,2,1]
-41.0:[0, 1, 1, 0, 1, 1, 0, 0, 1, 2, 2, 1, 0, 0, 2, 0, 2, 2, 1, 1, 0, 0, 1, 1, 1, 1, 1, 1, 1, 2, 2, 1, 1, 0, 0, 1, 1, 1, 0, 1, 1, 0, 2, 2, 0, 0, 1, 1, 0, 0, 2, 2, 1, 1, 2, 2, 0, 1, 2, 1, 0, 1, 0, 0, 2, 2, 1, 2, 1, 1, 1, 1, 1, 2, 1, 2, 2, 0, 0, 1, 2, 2, 1]
End Time: Seg Jun 27 19:11:47 BRT 2016 --- run in 0:11:12 ---

==> run_hypdp_cluster.sh.o198262 <==
Best: -41.0 	[2,1,0,2,1,2,2,0,1,1,1,0,1,2,1,1,1,1,0,2,2,1,2,1,1,0,2,2,0,0,1,1,0,0,2,2,0,2,2,1,1,1,2,1,0,1,1,0,0,1,2,2,0,1,1,0,1,1,1,0,0,1,1,2,2,1,1,1,2,1,1,2,1,1,1,0,0,1,1,2,2,0,0]
-41.0:[2, 1, 0, 2, 1, 2, 2, 0, 1, 1, 1, 0, 1, 2, 1, 1, 1, 1, 0, 2, 2, 1, 2, 1, 1, 0, 2, 2, 0, 0, 1, 1, 0, 0, 2, 2, 0, 2, 2, 1, 1, 1, 2, 1, 0, 1, 1, 0, 0, 1, 2, 2, 0, 1, 1, 0, 1, 1, 1, 0, 0, 1, 1, 2, 2, 1, 1, 1, 2, 1, 1, 2, 1, 1, 1, 0, 0, 1, 1, 2, 2, 0, 0]
End Time: Seg Jun 27 19:11:49 BRT 2016 --- run in 0:11:14 ---

==> run_hypdp_cluster.sh.o198263 <==
Best: -39.0 	[1,2,2,0,0,1,1,0,0,2,2,0,1,0,0,2,2,1,1,1,0,0,1,2,0,0,2,2,1,1,0,2,1,1,2,0,1,2,2,1,1,2,0,0,2,1,0,0,1,1,1,1,2,2,0,1,2,1,2,2,0,0,1,1,0,0,2,1,2,2,0,1,1,1,2,1,1,0,1,2,1,0,1]
-39.0:[1, 2, 2, 0, 0, 1, 1, 0, 0, 2, 2, 0, 1, 0, 0, 2, 2, 1, 1, 1, 0, 0, 1, 2, 0, 0, 2, 2, 1, 1, 0, 2, 1, 1, 2, 0, 1, 2, 2, 1, 1, 2, 0, 0, 2, 1, 0, 0, 1, 1, 1, 1, 2, 2, 0, 1, 2, 1, 2, 2, 0, 0, 1, 1, 0, 0, 2, 1, 2, 2, 0, 1, 1, 1, 2, 1, 1, 0, 1, 2, 1, 0, 1]
End Time: Seg Jun 27 19:11:53 BRT 2016 --- run in 0:11:18 ---

==> run_hypdp_cluster.sh.o198264 <==
Best: -43.0 	[0,0,1,0,1,0,1,1,0,1,1,2,2,1,1,1,2,1,1,1,0,0,1,1,1,1,1,1,0,0,1,2,1,2,2,0,0,1,1,1,0,0,1,2,2,1,1,2,1,1,2,0,0,2,0,1,1,0,1,1,0,0,1,2,2,1,1,2,1,1,1,2,2,0,0,2,2,0,0,2,2,1,1]
-43.0:[0, 0, 1, 0, 1, 0, 1, 1, 0, 1, 1, 2, 2, 1, 1, 1, 2, 1, 1, 1, 0, 0, 1, 1, 1, 1, 1, 1, 0, 0, 1, 2, 1, 2, 2, 0, 0, 1, 1, 1, 0, 0, 1, 2, 2, 1, 1, 2, 1, 1, 2, 0, 0, 2, 0, 1, 1, 0, 1, 1, 0, 0, 1, 2, 2, 1, 1, 2, 1, 1, 1, 2, 2, 0, 0, 2, 2, 0, 0, 2, 2, 1, 1]
End Time: Seg Jun 27 19:12:10 BRT 2016 --- run in 0:11:20 ---

==> run_hypdp_cluster.sh.o198265 <==
Best: -44.0 	[0,1,2,0,1,0,0,2,2,0,0,1,0,2,2,1,1,1,1,1,1,2,2,1,1,1,1,0,0,2,2,0,2,1,1,1,1,1,0,0,2,0,0,2,1,1,1,2,2,1,1,0,0,2,0,0,2,1,0,1,1,2,1,0,0,2,2,1,2,1,1,2,1,0,0,2,2,0,1,0,1,0,0]
-44.0:[0, 1, 2, 0, 1, 0, 0, 2, 2, 0, 0, 1, 0, 2, 2, 1, 1, 1, 1, 1, 1, 2, 2, 1, 1, 1, 1, 0, 0, 2, 2, 0, 2, 1, 1, 1, 1, 1, 0, 0, 2, 0, 0, 2, 1, 1, 1, 2, 2, 1, 1, 0, 0, 2, 0, 0, 2, 1, 0, 1, 1, 2, 1, 0, 0, 2, 2, 1, 2, 1, 1, 2, 1, 0, 0, 2, 2, 0, 1, 0, 1, 0, 0]
End Time: Seg Jun 27 19:12:13 BRT 2016 --- run in 0:11:23 ---

==> run_hypdp_cluster.sh.o198266 <==
Best: -42.0 	[0,0,2,1,1,2,1,2,2,0,0,2,1,0,0,1,1,1,1,2,1,2,0,2,1,1,1,2,2,1,0,0,1,1,1,1,2,1,1,2,2,1,0,0,1,1,0,2,2,1,1,1,1,0,0,2,0,0,2,1,1,2,2,1,0,0,1,1,0,2,0,0,2,1,2,1,2,1,0,2,2,0,2]
-42.0:[0, 0, 2, 1, 1, 2, 1, 2, 2, 0, 0, 2, 1, 0, 0, 1, 1, 1, 1, 2, 1, 2, 0, 2, 1, 1, 1, 2, 2, 1, 0, 0, 1, 1, 1, 1, 2, 1, 1, 2, 2, 1, 0, 0, 1, 1, 0, 2, 2, 1, 1, 1, 1, 0, 0, 2, 0, 0, 2, 1, 1, 2, 2, 1, 0, 0, 1, 1, 0, 2, 0, 0, 2, 1, 2, 1, 2, 1, 0, 2, 2, 0, 2]
End Time: Seg Jun 27 19:18:52 BRT 2016 --- run in 0:14:50 ---

==> run_hypdp_cluster.sh.o198267 <==
Best: -41.0 	[2,2,1,0,0,2,0,0,2,2,0,0,1,0,2,1,0,1,1,1,2,2,0,2,2,0,0,1,1,1,2,2,1,0,0,1,2,2,1,1,2,1,0,0,1,2,2,0,0,2,0,1,0,0,2,1,1,2,0,2,2,0,2,2,1,0,0,2,1,1,2,1,1,0,0,2,2,0,0,1,0,1,2]
-41.0:[2, 2, 1, 0, 0, 2, 0, 0, 2, 2, 0, 0, 1, 0, 2, 1, 0, 1, 1, 1, 2, 2, 0, 2, 2, 0, 0, 1, 1, 1, 2, 2, 1, 0, 0, 1, 2, 2, 1, 1, 2, 1, 0, 0, 1, 2, 2, 0, 0, 2, 0, 1, 0, 0, 2, 1, 1, 2, 0, 2, 2, 0, 2, 2, 1, 0, 0, 2, 1, 1, 2, 1, 1, 0, 0, 2, 2, 0, 0, 1, 0, 1, 2]
End Time: Seg Jun 27 19:18:51 BRT 2016 --- run in 0:14:49 ---

==> run_hypdp_cluster.sh.o198268 <==
Best: -43.0 	[0,0,1,0,2,0,0,1,1,1,2,2,1,1,0,0,2,2,0,1,1,0,1,0,1,1,1,2,2,1,1,1,1,0,1,2,0,1,0,0,2,0,1,2,1,2,2,0,1,2,0,1,0,0,2,1,1,0,0,1,2,2,0,1,2,2,1,0,0,1,2,1,0,2,2,1,0,0,2,0,0,2,1]
-43.0:[0, 0, 1, 0, 2, 0, 0, 1, 1, 1, 2, 2, 1, 1, 0, 0, 2, 2, 0, 1, 1, 0, 1, 0, 1, 1, 1, 2, 2, 1, 1, 1, 1, 0, 1, 2, 0, 1, 0, 0, 2, 0, 1, 2, 1, 2, 2, 0, 1, 2, 0, 1, 0, 0, 2, 1, 1, 0, 0, 1, 2, 2, 0, 1, 2, 2, 1, 0, 0, 1, 2, 1, 0, 2, 2, 1, 0, 0, 2, 0, 0, 2, 1]
End Time: Seg Jun 27 19:18:52 BRT 2016 --- run in 0:14:50 ---

==> run_hypdp_cluster.sh.o198269 <==
Best: -41.0 	[1,0,2,1,0,0,1,1,0,2,1,0,2,2,1,2,1,0,1,1,0,2,1,2,1,1,2,2,0,1,1,0,0,1,2,1,2,0,1,0,0,2,1,1,0,0,1,2,2,1,0,2,1,2,2,0,1,0,2,2,1,1,1,0,1,1,1,0,1,0,0,2,1,2,2,0,0,2,1,1,0,0,2]
-41.0:[1, 0, 2, 1, 0, 0, 1, 1, 0, 2, 1, 0, 2, 2, 1, 2, 1, 0, 1, 1, 0, 2, 1, 2, 1, 1, 2, 2, 0, 1, 1, 0, 0, 1, 2, 1, 2, 0, 1, 0, 0, 2, 1, 1, 0, 0, 1, 2, 2, 1, 0, 2, 1, 2, 2, 0, 1, 0, 2, 2, 1, 1, 1, 0, 1, 1, 1, 0, 1, 0, 0, 2, 1, 2, 2, 0, 0, 2, 1, 1, 0, 0, 2]
End Time: Seg Jun 27 19:18:49 BRT 2016 --- run in 0:14:47 ---

==> run_hypdp_cluster.sh.o198270 <==
Best: -44.0 	[2,2,1,1,0,0,2,0,0,2,2,0,1,1,1,1,0,2,0,1,1,0,0,1,2,0,2,2,0,0,2,2,1,2,1,1,0,1,0,0,2,1,1,1,1,2,2,1,1,0,1,2,0,0,1,2,0,0,2,0,0,1,2,2,1,1,1,1,1,2,2,1,1,0,0,2,2,1,0,2,1,1,2]
-44.0:[2, 2, 1, 1, 0, 0, 2, 0, 0, 2, 2, 0, 1, 1, 1, 1, 0, 2, 0, 1, 1, 0, 0, 1, 2, 0, 2, 2, 0, 0, 2, 2, 1, 2, 1, 1, 0, 1, 0, 0, 2, 1, 1, 1, 1, 2, 2, 1, 1, 0, 1, 2, 0, 0, 1, 2, 0, 0, 2, 0, 0, 1, 2, 2, 1, 1, 1, 1, 1, 2, 2, 1, 1, 0, 0, 2, 2, 1, 0, 2, 1, 1, 2]
End Time: Seg Jun 27 19:18:49 BRT 2016 --- run in 0:14:47 ---

==> run_hypdp_cluster.sh.o198271 <==
Best: -39.0 	[0,2,1,1,1,2,2,1,1,0,0,1,2,2,1,0,0,1,1,2,2,0,2,1,2,0,2,1,1,0,0,1,1,2,1,0,2,2,0,1,2,2,1,1,1,0,0,1,1,1,1,2,1,2,2,0,0,1,0,2,1,2,2,0,1,0,1,2,0,2,2,1,1,1,2,0,1,2,2,1,0,0,1]
-39.0:[0, 2, 1, 1, 1, 2, 2, 1, 1, 0, 0, 1, 2, 2, 1, 0, 0, 1, 1, 2, 2, 0, 2, 1, 2, 0, 2, 1, 1, 0, 0, 1, 1, 2, 1, 0, 2, 2, 0, 1, 2, 2, 1, 1, 1, 0, 0, 1, 1, 1, 1, 2, 1, 2, 2, 0, 0, 1, 0, 2, 1, 2, 2, 0, 1, 0, 1, 2, 0, 2, 2, 1, 1, 1, 2, 0, 1, 2, 2, 1, 0, 0, 1]
End Time: Seg Jun 27 19:18:51 BRT 2016 --- run in 0:14:49 ---

==> run_hypdp_cluster.sh.o198272 <==
Best: -44.0 	[2,2,0,2,1,2,2,0,1,1,2,2,0,0,2,0,0,1,2,0,2,1,2,1,2,1,0,1,2,0,1,0,0,2,2,1,0,2,2,1,2,0,1,2,1,1,0,2,0,0,2,1,1,0,0,1,2,2,0,0,1,0,1,2,2,1,1,2,1,1,0,2,2,1,1,0,0,1,1,2,1,2,2]
-44.0:[2, 2, 0, 2, 1, 2, 2, 0, 1, 1, 2, 2, 0, 0, 2, 0, 0, 1, 2, 0, 2, 1, 2, 1, 2, 1, 0, 1, 2, 0, 1, 0, 0, 2, 2, 1, 0, 2, 2, 1, 2, 0, 1, 2, 1, 1, 0, 2, 0, 0, 2, 1, 1, 0, 0, 1, 2, 2, 0, 0, 1, 0, 1, 2, 2, 1, 1, 2, 1, 1, 0, 2, 2, 1, 1, 0, 0, 1, 1, 2, 1, 2, 2]
End Time: Seg Jun 27 19:18:59 BRT 2016 --- run in 0:14:42 ---

==> run_hypdp_cluster.sh.o198273 <==
Best: -39.0 	[2,1,1,0,1,1,0,2,0,0,1,0,2,2,1,1,0,2,2,0,1,1,2,1,2,1,2,0,1,1,0,1,0,0,2,2,1,1,0,2,0,0,1,0,2,2,1,1,2,2,0,1,0,1,0,1,1,2,0,1,0,0,2,2,1,2,1,1,2,1,0,2,2,0,0,2,2,0,1,2,2,1,1]
-39.0:[2, 1, 1, 0, 1, 1, 0, 2, 0, 0, 1, 0, 2, 2, 1, 1, 0, 2, 2, 0, 1, 1, 2, 1, 2, 1, 2, 0, 1, 1, 0, 1, 0, 0, 2, 2, 1, 1, 0, 2, 0, 0, 1, 0, 2, 2, 1, 1, 2, 2, 0, 1, 0, 1, 0, 1, 1, 2, 0, 1, 0, 0, 2, 2, 1, 2, 1, 1, 2, 1, 0, 2, 2, 0, 0, 2, 2, 0, 1, 2, 2, 1, 1]
End Time: Seg Jun 27 19:19:04 BRT 2016 --- run in 0:14:47 ---

==> run_hypdp_cluster.sh.o198274 <==
Best: -40.0 	[1,1,1,1,0,1,0,0,2,2,0,0,2,1,2,2,0,1,1,2,0,1,0,0,2,1,1,0,0,1,2,1,2,2,0,1,0,1,0,1,2,1,2,2,0,0,2,0,2,0,0,2,0,1,1,0,0,1,2,2,1,1,1,1,1,2,1,1,2,2,1,0,1,0,0,2,2,1,1,0,0,2,1]
-40.0:[1, 1, 1, 1, 0, 1, 0, 0, 2, 2, 0, 0, 2, 1, 2, 2, 0, 1, 1, 2, 0, 1, 0, 0, 2, 1, 1, 0, 0, 1, 2, 1, 2, 2, 0, 1, 0, 1, 0, 1, 2, 1, 2, 2, 0, 0, 2, 0, 2, 0, 0, 2, 0, 1, 1, 0, 0, 1, 2, 2, 1, 1, 1, 1, 1, 2, 1, 1, 2, 2, 1, 0, 1, 0, 0, 2, 2, 1, 1, 0, 0, 2, 1]
End Time: Seg Jun 27 19:19:04 BRT 2016 --- run in 0:14:47 ---

==> run_hypdp_cluster.sh.o198275 <==
Best: -39.0 	[1,2,0,1,2,2,1,1,2,0,0,1,1,1,2,2,1,0,0,1,2,0,1,1,0,0,1,2,1,1,1,0,0,2,1,2,2,0,2,1,1,1,2,2,0,0,2,2,0,0,1,0,1,2,0,0,2,1,1,0,0,2,1,2,2,0,1,1,0,1,0,0,2,2,1,0,0,2,2,1,2,1,1]
-39.0:[1, 2, 0, 1, 2, 2, 1, 1, 2, 0, 0, 1, 1, 1, 2, 2, 1, 0, 0, 1, 2, 0, 1, 1, 0, 0, 1, 2, 1, 1, 1, 0, 0, 2, 1, 2, 2, 0, 2, 1, 1, 1, 2, 2, 0, 0, 2, 2, 0, 0, 1, 0, 1, 2, 0, 0, 2, 1, 1, 0, 0, 2, 1, 2, 2, 0, 1, 1, 0, 1, 0, 0, 2, 2, 1, 0, 0, 2, 2, 1, 2, 1, 1]
End Time: Seg Jun 27 19:19:01 BRT 2016 --- run in 0:14:44 ---

==> run_hypdp_cluster.sh.o198276 <==
Best: -40.0 	[1,0,1,2,1,0,0,1,2,2,1,1,1,1,1,0,1,2,1,2,0,0,1,0,1,1,1,0,1,2,2,1,0,1,1,2,1,0,0,1,1,0,1,1,2,2,1,1,1,2,1,0,0,1,1,0,2,2,0,0,2,2,1,2,1,1,0,0,2,1,2,0,0,1,1,2,2,1,1,0,1,0,0]
-40.0:[1, 0, 1, 2, 1, 0, 0, 1, 2, 2, 1, 1, 1, 1, 1, 0, 1, 2, 1, 2, 0, 0, 1, 0, 1, 1, 1, 0, 1, 2, 2, 1, 0, 1, 1, 2, 1, 0, 0, 1, 1, 0, 1, 1, 2, 2, 1, 1, 1, 2, 1, 0, 0, 1, 1, 0, 2, 2, 0, 0, 2, 2, 1, 2, 1, 1, 0, 0, 2, 1, 2, 0, 0, 1, 1, 2, 2, 1, 1, 0, 1, 0, 0]
End Time: Seg Jun 27 19:19:04 BRT 2016 --- run in 0:14:47 ---

==> run_hypdp_cluster.sh.o198277 <==
Best: -44.0 	[0,0,1,1,0,0,2,1,1,0,0,1,2,1,1,0,0,2,2,1,1,1,2,1,2,1,0,0,2,2,1,2,0,1,0,0,2,1,1,2,2,1,0,0,1,2,2,1,0,1,1,1,0,1,0,0,2,1,2,2,0,1,0,0,2,1,1,2,2,1,0,2,1,1,1,2,2,0,0,1,0,1,2]
-44.0:[0, 0, 1, 1, 0, 0, 2, 1, 1, 0, 0, 1, 2, 1, 1, 0, 0, 2, 2, 1, 1, 1, 2, 1, 2, 1, 0, 0, 2, 2, 1, 2, 0, 1, 0, 0, 2, 1, 1, 2, 2, 1, 0, 0, 1, 2, 2, 1, 0, 1, 1, 1, 0, 1, 0, 0, 2, 1, 2, 2, 0, 1, 0, 0, 2, 1, 1, 2, 2, 1, 0, 2, 1, 1, 1, 2, 2, 0, 0, 1, 0, 1, 2]
End Time: Seg Jun 27 19:21:44 BRT 2016 --- run in 0:10:24 ---

==> run_hypdp_cluster.sh.o198278 <==
Best: -46.0 	[1,0,0,1,2,2,1,1,2,1,1,2,0,2,2,0,0,2,2,1,1,0,0,1,1,2,0,1,0,0,2,1,2,2,0,2,0,1,0,1,0,1,2,0,1,2,2,1,1,2,0,0,1,0,1,1,1,1,2,0,1,1,2,2,1,1,1,1,0,0,2,0,0,2,2,0,0,2,1,0,1,2,1]
-46.0:[1, 0, 0, 1, 2, 2, 1, 1, 2, 1, 1, 2, 0, 2, 2, 0, 0, 2, 2, 1, 1, 0, 0, 1, 1, 2, 0, 1, 0, 0, 2, 1, 2, 2, 0, 2, 0, 1, 0, 1, 0, 1, 2, 0, 1, 2, 2, 1, 1, 2, 0, 0, 1, 0, 1, 1, 1, 1, 2, 0, 1, 1, 2, 2, 1, 1, 1, 1, 0, 0, 2, 0, 0, 2, 2, 0, 0, 2, 1, 0, 1, 2, 1]
End Time: Seg Jun 27 19:21:42 BRT 2016 --- run in 0:10:22 ---
