==> run_hypdp_cluster.sh.o199109 <==
Best: -42.0 	[0,1,2,1,2,2,0,0,2,0,1,2,0,1,2,1,0,0,1,2,2,1,0,1,1,2,1,0,0,1,1,1,0,0,2,2,0,2,0,1,1,1,2,2,1,0,0,1,1,0,2,2,1,2,1,0,2,2,0,0,1,0,2,0,0,2,2,1,1,2,1,1,2,1,0,2,1,1,1,1,0,1,1,0,0,1,2,1,1,1,2,1,2,2,0,0,2,2]
-42.0:[0, 1, 2, 1, 2, 2, 0, 0, 2, 0, 1, 2, 0, 1, 2, 1, 0, 0, 1, 2, 2, 1, 0, 1, 1, 2, 1, 0, 0, 1, 1, 1, 0, 0, 2, 2, 0, 2, 0, 1, 1, 1, 2, 2, 1, 0, 0, 1, 1, 0, 2, 2, 1, 2, 1, 0, 2, 2, 0, 0, 1, 0, 2, 0, 0, 2, 2, 1, 1, 2, 1, 1, 2, 1, 0, 2, 1, 1, 1, 1, 0, 1, 1, 0, 0, 1, 2, 1, 1, 1, 2, 1, 2, 2, 0, 0, 2, 2]
End Time: Ter Jul 5 02:26:20 BRT 2016 --- run in 2:13:48 ---

==> run_hypdp_cluster.sh.o199110 <==
Best: -44.0 	[0,0,1,0,2,1,0,0,1,1,2,1,2,2,0,1,1,0,0,1,2,1,1,2,0,1,1,2,0,2,1,0,2,2,1,0,2,2,1,2,0,0,1,2,0,0,1,0,2,2,1,1,1,2,2,1,0,1,1,0,0,1,2,1,1,1,0,0,1,2,2,0,0,1,1,1,1,1,2,2,0,0,2,2,1,2,1,0,1,1,1,0,0,2,0,0,2,2]
-44.0:[0, 0, 1, 0, 2, 1, 0, 0, 1, 1, 2, 1, 2, 2, 0, 1, 1, 0, 0, 1, 2, 1, 1, 2, 0, 1, 1, 2, 0, 2, 1, 0, 2, 2, 1, 0, 2, 2, 1, 2, 0, 0, 1, 2, 0, 0, 1, 0, 2, 2, 1, 1, 1, 2, 2, 1, 0, 1, 1, 0, 0, 1, 2, 1, 1, 1, 0, 0, 1, 2, 2, 0, 0, 1, 1, 1, 1, 1, 2, 2, 0, 0, 2, 2, 1, 2, 1, 0, 1, 1, 1, 0, 0, 2, 0, 0, 2, 2]
End Time: Ter Jul 5 02:01:00 BRT 2016 --- run in 1:48:3 ---

==> run_hypdp_cluster.sh.o199111 <==
Best: -41.0 	[1,0,1,2,0,0,2,2,1,1,0,0,2,0,0,2,1,2,2,0,0,2,1,1,2,1,0,1,0,0,2,2,0,0,1,1,1,2,1,1,2,0,0,1,0,2,0,0,2,1,2,2,0,2,1,0,2,2,1,0,2,1,0,1,0,1,2,2,1,0,2,2,0,2,1,2,0,0,1,0,2,1,2,2,0,2,1,0,1,0,1,1,2,2,1,1,1,2]
-41.0:[1, 0, 1, 2, 0, 0, 2, 2, 1, 1, 0, 0, 2, 0, 0, 2, 1, 2, 2, 0, 0, 2, 1, 1, 2, 1, 0, 1, 0, 0, 2, 2, 0, 0, 1, 1, 1, 2, 1, 1, 2, 0, 0, 1, 0, 2, 0, 0, 2, 1, 2, 2, 0, 2, 1, 0, 2, 2, 1, 0, 2, 1, 0, 1, 0, 1, 2, 2, 1, 0, 2, 2, 0, 2, 1, 2, 0, 0, 1, 0, 2, 1, 2, 2, 0, 2, 1, 0, 1, 0, 1, 1, 2, 2, 1, 1, 1, 2]
End Time: Ter Jul 5 01:58:47 BRT 2016 --- run in 1:45:50 ---

==> run_hypdp_cluster.sh.o199112 <==
Best: -38.0 	[2,0,2,1,0,1,2,2,1,0,1,1,0,1,0,0,2,2,1,1,0,0,2,2,0,2,1,2,1,2,0,0,2,2,0,2,2,0,0,1,1,1,0,1,1,0,0,1,2,2,1,0,2,2,1,1,1,2,1,1,1,0,0,2,1,1,0,2,0,2,0,0,1,0,2,1,0,2,2,1,2,0,0,1,2,0,1,2,2,0,1,0,0,2,0,2,0,0]
-38.0:[2, 0, 2, 1, 0, 1, 2, 2, 1, 0, 1, 1, 0, 1, 0, 0, 2, 2, 1, 1, 0, 0, 2, 2, 0, 2, 1, 2, 1, 2, 0, 0, 2, 2, 0, 2, 2, 0, 0, 1, 1, 1, 0, 1, 1, 0, 0, 1, 2, 2, 1, 0, 2, 2, 1, 1, 1, 2, 1, 1, 1, 0, 0, 2, 1, 1, 0, 2, 0, 2, 0, 0, 1, 0, 2, 1, 0, 2, 2, 1, 2, 0, 0, 1, 2, 0, 1, 2, 2, 0, 1, 0, 0, 2, 0, 2, 0, 0]
End Time: Ter Jul 5 02:00:48 BRT 2016 --- run in 1:47:51 ---

==> run_hypdp_cluster.sh.o199113 <==
Best: -39.0 	[0,1,0,0,2,1,2,2,0,0,1,1,1,0,0,1,2,2,0,1,2,1,2,2,0,0,1,2,0,0,2,2,0,0,2,1,0,0,1,1,1,1,2,2,1,1,1,1,1,2,0,0,1,1,1,0,0,1,2,1,2,2,0,0,2,0,2,1,0,0,1,1,1,0,2,2,1,1,1,1,1,1,2,2,1,1,1,1,0,1,0,1,1,1,1,0,2,2]
-39.0:[0, 1, 0, 0, 2, 1, 2, 2, 0, 0, 1, 1, 1, 0, 0, 1, 2, 2, 0, 1, 2, 1, 2, 2, 0, 0, 1, 2, 0, 0, 2, 2, 0, 0, 2, 1, 0, 0, 1, 1, 1, 1, 2, 2, 1, 1, 1, 1, 1, 2, 0, 0, 1, 1, 1, 0, 0, 1, 2, 1, 2, 2, 0, 0, 2, 0, 2, 1, 0, 0, 1, 1, 1, 0, 2, 2, 1, 1, 1, 1, 1, 1, 2, 2, 1, 1, 1, 1, 0, 1, 0, 1, 1, 1, 1, 0, 2, 2]
End Time: Ter Jul 5 02:51:40 BRT 2016 --- run in 2:39:8 ---

==> run_hypdp_cluster.sh.o199114 <==
Best: -39.0 	[2,0,0,1,2,1,0,0,2,1,1,1,2,2,1,1,0,0,1,1,2,2,0,0,2,1,1,1,0,1,1,1,0,0,1,1,2,1,2,2,0,1,0,0,2,2,0,0,2,0,0,1,2,2,1,1,2,1,1,2,0,2,1,1,0,1,1,1,0,2,0,1,0,1,1,0,2,2,1,0,2,1,2,2,0,2,0,0,1,0,2,2,1,0,1,1,2,2]
-39.0:[2, 0, 0, 1, 2, 1, 0, 0, 2, 1, 1, 1, 2, 2, 1, 1, 0, 0, 1, 1, 2, 2, 0, 0, 2, 1, 1, 1, 0, 1, 1, 1, 0, 0, 1, 1, 2, 1, 2, 2, 0, 1, 0, 0, 2, 2, 0, 0, 2, 0, 0, 1, 2, 2, 1, 1, 2, 1, 1, 2, 0, 2, 1, 1, 0, 1, 1, 1, 0, 2, 0, 1, 0, 1, 1, 0, 2, 2, 1, 0, 2, 1, 2, 2, 0, 2, 0, 0, 1, 0, 2, 2, 1, 0, 1, 1, 2, 2]
End Time: Ter Jul 5 01:58:53 BRT 2016 --- run in 1:45:56 ---

==> run_hypdp_cluster.sh.o199115 <==
Best: -40.0 	[0,0,1,1,1,1,0,0,1,1,2,2,1,1,0,2,2,1,1,1,2,1,0,0,2,1,1,0,1,1,1,2,0,0,1,2,0,0,1,0,2,1,1,2,1,2,2,0,0,2,1,1,0,0,2,0,0,2,1,2,2,0,0,2,1,2,2,0,2,0,0,2,1,2,2,0,0,2,1,1,1,1,0,0,2,0,0,2,1,1,1,2,2,0,2,2,0,0]
-40.0:[0, 0, 1, 1, 1, 1, 0, 0, 1, 1, 2, 2, 1, 1, 0, 2, 2, 1, 1, 1, 2, 1, 0, 0, 2, 1, 1, 0, 1, 1, 1, 2, 0, 0, 1, 2, 0, 0, 1, 0, 2, 1, 1, 2, 1, 2, 2, 0, 0, 2, 1, 1, 0, 0, 2, 0, 0, 2, 1, 2, 2, 0, 0, 2, 1, 2, 2, 0, 2, 0, 0, 2, 1, 2, 2, 0, 0, 2, 1, 1, 1, 1, 0, 0, 2, 0, 0, 2, 1, 1, 1, 2, 2, 0, 2, 2, 0, 0]
End Time: Ter Jul 5 02:29:57 BRT 2016 --- run in 2:17:25 ---

==> run_hypdp_cluster.sh.o199116 <==
Best: -40.0 	[2,1,0,0,2,2,0,2,1,0,0,1,1,0,2,0,1,2,2,0,2,2,0,0,2,2,0,0,1,1,1,1,0,1,1,0,1,0,0,2,2,1,2,1,1,2,1,1,1,0,0,1,1,1,1,2,1,1,2,2,1,0,0,1,1,2,2,0,0,2,1,2,2,0,1,0,2,1,0,0,1,2,2,1,1,2,1,0,0,1,2,1,2,2,0,1,2,1]
-40.0:[2, 1, 0, 0, 2, 2, 0, 2, 1, 0, 0, 1, 1, 0, 2, 0, 1, 2, 2, 0, 2, 2, 0, 0, 2, 2, 0, 0, 1, 1, 1, 1, 0, 1, 1, 0, 1, 0, 0, 2, 2, 1, 2, 1, 1, 2, 1, 1, 1, 0, 0, 1, 1, 1, 1, 2, 1, 1, 2, 2, 1, 0, 0, 1, 1, 2, 2, 0, 0, 2, 1, 2, 2, 0, 1, 0, 2, 1, 0, 0, 1, 2, 2, 1, 1, 2, 1, 0, 0, 1, 2, 1, 2, 2, 0, 1, 2, 1]
End Time: Ter Jul 5 02:26:03 BRT 2016 --- run in 2:13:6 ---

==> run_hypdp_cluster.sh.o199117 <==
Best: -39.0 	[1,1,0,2,1,2,1,2,0,0,1,0,1,1,1,1,1,0,1,0,0,2,2,1,2,0,2,1,2,1,1,0,2,2,0,2,1,1,1,0,2,0,1,0,1,1,0,0,2,2,1,1,2,2,0,1,1,2,2,0,0,2,2,0,1,1,0,1,1,1,0,1,0,1,2,1,1,1,1,0,2,1,2,2,0,2,1,1,1,0,1,1,0,1,0,0,2,2]
-39.0:[1, 1, 0, 2, 1, 2, 1, 2, 0, 0, 1, 0, 1, 1, 1, 1, 1, 0, 1, 0, 0, 2, 2, 1, 2, 0, 2, 1, 2, 1, 1, 0, 2, 2, 0, 2, 1, 1, 1, 0, 2, 0, 1, 0, 1, 1, 0, 0, 2, 2, 1, 1, 2, 2, 0, 1, 1, 2, 2, 0, 0, 2, 2, 0, 1, 1, 0, 1, 1, 1, 0, 1, 0, 1, 2, 1, 1, 1, 1, 0, 2, 1, 2, 2, 0, 2, 1, 1, 1, 0, 1, 1, 0, 1, 0, 0, 2, 2]
End Time: Ter Jul 5 02:00:56 BRT 2016 --- run in 1:47:59 ---

==> run_hypdp_cluster.sh.o199118 <==
Best: -40.0 	[0,2,0,2,1,1,2,2,0,1,1,0,1,0,1,1,1,2,2,1,1,0,0,1,1,1,1,2,2,1,0,1,2,2,1,0,1,1,1,2,2,0,0,1,1,0,0,2,2,1,2,1,0,0,1,2,0,0,1,1,1,1,1,1,1,2,2,1,1,0,1,2,2,0,1,2,0,0,2,2,0,2,1,0,1,0,0,2,2,0,1,1,0,1,0,0,2,2]
-40.0:[0, 2, 0, 2, 1, 1, 2, 2, 0, 1, 1, 0, 1, 0, 1, 1, 1, 2, 2, 1, 1, 0, 0, 1, 1, 1, 1, 2, 2, 1, 0, 1, 2, 2, 1, 0, 1, 1, 1, 2, 2, 0, 0, 1, 1, 0, 0, 2, 2, 1, 2, 1, 0, 0, 1, 2, 0, 0, 1, 1, 1, 1, 1, 1, 1, 2, 2, 1, 1, 0, 1, 2, 2, 0, 1, 2, 0, 0, 2, 2, 0, 2, 1, 0, 1, 0, 0, 2, 2, 0, 1, 1, 0, 1, 0, 0, 2, 2]
End Time: Ter Jul 5 02:28:20 BRT 2016 --- run in 2:15:48 ---

==> run_hypdp_cluster.sh.o199119 <==
Best: -39.0 	[0,2,2,1,1,0,2,2,1,1,0,1,0,1,0,2,1,0,1,2,2,1,1,0,2,1,1,0,0,1,2,1,0,0,1,2,0,2,1,1,0,1,2,0,2,2,1,2,0,1,2,1,1,0,0,2,0,0,2,2,1,2,1,0,1,1,1,1,0,0,2,0,1,2,0,1,1,1,1,1,2,1,2,2,0,1,1,1,1,0,1,1,0,0,1,2,1,2]
-39.0:[0, 2, 2, 1, 1, 0, 2, 2, 1, 1, 0, 1, 0, 1, 0, 2, 1, 0, 1, 2, 2, 1, 1, 0, 2, 1, 1, 0, 0, 1, 2, 1, 0, 0, 1, 2, 0, 2, 1, 1, 0, 1, 2, 0, 2, 2, 1, 2, 0, 1, 2, 1, 1, 0, 0, 2, 0, 0, 2, 2, 1, 2, 1, 0, 1, 1, 1, 1, 0, 0, 2, 0, 1, 2, 0, 1, 1, 1, 1, 1, 2, 1, 2, 2, 0, 1, 1, 1, 1, 0, 1, 1, 0, 0, 1, 2, 1, 2]
End Time: Ter Jul 5 02:06:10 BRT 2016 --- run in 1:53:13 ---

==> run_hypdp_cluster.sh.o199120 <==
Best: -39.0 	[1,1,2,0,1,1,1,0,1,2,1,2,1,2,0,1,1,2,1,2,2,0,0,1,1,1,0,1,0,0,2,2,1,0,1,2,1,0,2,2,1,0,0,1,1,1,0,0,2,2,0,0,1,2,2,0,2,2,0,2,1,1,0,2,2,0,1,0,1,1,1,0,0,2,1,0,2,0,2,1,1,2,2,1,0,2,0,1,0,0,2,2,1,2,1,1,2,1]
-39.0:[1, 1, 2, 0, 1, 1, 1, 0, 1, 2, 1, 2, 1, 2, 0, 1, 1, 2, 1, 2, 2, 0, 0, 1, 1, 1, 0, 1, 0, 0, 2, 2, 1, 0, 1, 2, 1, 0, 2, 2, 1, 0, 0, 1, 1, 1, 0, 0, 2, 2, 0, 0, 1, 2, 2, 0, 2, 2, 0, 2, 1, 1, 0, 2, 2, 0, 1, 0, 1, 1, 1, 0, 0, 2, 1, 0, 2, 0, 2, 1, 1, 2, 2, 1, 0, 2, 0, 1, 0, 0, 2, 2, 1, 2, 1, 1, 2, 1]
End Time: Ter Jul 5 02:23:28 BRT 2016 --- run in 2:10:56 ---

==> run_hypdp_cluster.sh.o199121 <==
Best: -40.0 	[0,1,1,0,0,1,2,2,0,1,1,0,0,1,2,0,2,2,1,2,0,0,1,0,1,1,1,2,1,1,2,2,1,0,1,0,0,2,1,0,1,1,2,2,1,1,0,0,1,1,2,1,1,2,0,2,2,1,2,0,0,1,0,1,1,2,0,0,2,2,1,2,1,1,1,2,0,0,2,2,0,0,2,2,0,0,2,1,0,1,1,0,0,1,2,1,2,2]
-40.0:[0, 1, 1, 0, 0, 1, 2, 2, 0, 1, 1, 0, 0, 1, 2, 0, 2, 2, 1, 2, 0, 0, 1, 0, 1, 1, 1, 2, 1, 1, 2, 2, 1, 0, 1, 0, 0, 2, 1, 0, 1, 1, 2, 2, 1, 1, 0, 0, 1, 1, 2, 1, 1, 2, 0, 2, 2, 1, 2, 0, 0, 1, 0, 1, 1, 2, 0, 0, 2, 2, 1, 2, 1, 1, 1, 2, 0, 0, 2, 2, 0, 0, 2, 2, 0, 0, 2, 1, 0, 1, 1, 0, 0, 1, 2, 1, 2, 2]
End Time: Ter Jul 5 01:59:29 BRT 2016 --- run in 1:46:32 ---

==> run_hypdp_cluster.sh.o199122 <==
Best: -42.0 	[1,0,1,2,0,0,2,2,1,1,2,0,0,1,1,0,0,2,2,0,0,2,1,2,2,0,1,0,0,2,0,1,2,2,0,0,2,2,1,2,1,0,0,1,1,0,2,0,0,2,1,1,1,2,1,1,2,2,1,0,1,0,0,2,1,2,0,2,1,1,2,1,2,1,0,0,1,2,0,0,2,1,2,2,0,2,0,1,1,1,1,1,1,2,1,0,1,1]
-42.0:[1, 0, 1, 2, 0, 0, 2, 2, 1, 1, 2, 0, 0, 1, 1, 0, 0, 2, 2, 0, 0, 2, 1, 2, 2, 0, 1, 0, 0, 2, 0, 1, 2, 2, 0, 0, 2, 2, 1, 2, 1, 0, 0, 1, 1, 0, 2, 0, 0, 2, 1, 1, 1, 2, 1, 1, 2, 2, 1, 0, 1, 0, 0, 2, 1, 2, 0, 2, 1, 1, 2, 1, 2, 1, 0, 0, 1, 2, 0, 0, 2, 1, 2, 2, 0, 2, 0, 1, 1, 1, 1, 1, 1, 2, 1, 0, 1, 1]
End Time: Ter Jul 5 01:59:21 BRT 2016 --- run in 1:46:24 ---

==> run_hypdp_cluster.sh.o199123 <==
Best: -40.0 	[0,0,1,1,1,0,1,0,1,1,2,2,1,1,0,1,1,2,2,1,1,1,1,1,1,1,0,2,0,0,2,1,0,1,1,1,1,0,2,1,1,0,0,1,1,1,0,2,2,0,0,2,2,1,2,1,1,1,1,1,1,1,0,2,2,1,0,2,1,1,2,2,0,1,1,1,0,2,0,2,0,1,0,0,2,0,2,0,2,1,2,0,2,2,1,0,2,2]
-40.0:[0, 0, 1, 1, 1, 0, 1, 0, 1, 1, 2, 2, 1, 1, 0, 1, 1, 2, 2, 1, 1, 1, 1, 1, 1, 1, 0, 2, 0, 0, 2, 1, 0, 1, 1, 1, 1, 0, 2, 1, 1, 0, 0, 1, 1, 1, 0, 2, 2, 0, 0, 2, 2, 1, 2, 1, 1, 1, 1, 1, 1, 1, 0, 2, 2, 1, 0, 2, 1, 1, 2, 2, 0, 1, 1, 1, 0, 2, 0, 2, 0, 1, 0, 0, 2, 0, 2, 0, 2, 1, 2, 0, 2, 2, 1, 0, 2, 2]
End Time: Ter Jul 5 02:00:42 BRT 2016 --- run in 1:47:45 ---

==> run_hypdp_cluster.sh.o199124 <==
Best: -38.0 	[1,2,1,1,1,0,2,2,1,1,0,0,2,0,0,2,1,1,0,0,2,2,1,2,1,0,2,0,1,0,2,1,0,0,1,1,2,1,1,1,0,2,2,1,2,0,2,2,0,1,0,0,2,0,1,1,0,2,1,0,0,2,2,1,1,1,1,0,0,2,1,0,1,0,2,0,2,2,1,0,0,2,1,0,2,2,1,1,1,2,2,1,0,0,2,0,2,2]
-38.0:[1, 2, 1, 1, 1, 0, 2, 2, 1, 1, 0, 0, 2, 0, 0, 2, 1, 1, 0, 0, 2, 2, 1, 2, 1, 0, 2, 0, 1, 0, 2, 1, 0, 0, 1, 1, 2, 1, 1, 1, 0, 2, 2, 1, 2, 0, 2, 2, 0, 1, 0, 0, 2, 0, 1, 1, 0, 2, 1, 0, 0, 2, 2, 1, 1, 1, 1, 0, 0, 2, 1, 0, 1, 0, 2, 0, 2, 2, 1, 0, 0, 2, 1, 0, 2, 2, 1, 1, 1, 2, 2, 1, 0, 0, 2, 0, 2, 2]
End Time: Ter Jul 5 02:16:29 BRT 2016 --- run in 2:3:57 ---

==> run_hypdp_cluster.sh.o199125 <==
Best: -39.0 	[1,0,0,2,1,0,2,2,1,1,0,0,1,1,2,0,1,0,0,2,2,1,1,1,0,0,1,2,2,1,0,1,2,2,1,1,0,0,1,1,2,1,2,2,0,1,1,1,2,2,0,0,1,0,1,1,0,1,1,1,2,1,1,1,1,1,1,1,2,2,0,2,1,1,1,2,0,1,0,0,2,2,0,1,2,1,1,0,2,1,2,0,1,2,1,2,1,2]
-39.0:[1, 0, 0, 2, 1, 0, 2, 2, 1, 1, 0, 0, 1, 1, 2, 0, 1, 0, 0, 2, 2, 1, 1, 1, 0, 0, 1, 2, 2, 1, 0, 1, 2, 2, 1, 1, 0, 0, 1, 1, 2, 1, 2, 2, 0, 1, 1, 1, 2, 2, 0, 0, 1, 0, 1, 1, 0, 1, 1, 1, 2, 1, 1, 1, 1, 1, 1, 1, 2, 2, 0, 2, 1, 1, 1, 2, 0, 1, 0, 0, 2, 2, 0, 1, 2, 1, 1, 0, 2, 1, 2, 0, 1, 2, 1, 2, 1, 2]
End Time: Ter Jul 5 02:24:23 BRT 2016 --- run in 2:11:51 ---

==> run_hypdp_cluster.sh.o199126 <==
Best: -41.0 	[2,0,0,2,1,1,0,0,1,1,2,1,2,2,0,0,1,2,2,1,0,0,1,1,0,1,2,1,2,2,0,0,2,2,1,1,1,1,0,1,2,0,0,1,1,1,0,0,1,2,2,1,1,2,1,1,2,0,2,2,0,0,1,2,1,1,1,1,2,1,2,2,0,1,1,0,0,1,2,1,1,2,0,1,0,0,2,1,2,1,0,0,1,1,0,2,0,0]
-41.0:[2, 0, 0, 2, 1, 1, 0, 0, 1, 1, 2, 1, 2, 2, 0, 0, 1, 2, 2, 1, 0, 0, 1, 1, 0, 1, 2, 1, 2, 2, 0, 0, 2, 2, 1, 1, 1, 1, 0, 1, 2, 0, 0, 1, 1, 1, 0, 0, 1, 2, 2, 1, 1, 2, 1, 1, 2, 0, 2, 2, 0, 0, 1, 2, 1, 1, 1, 1, 2, 1, 2, 2, 0, 1, 1, 0, 0, 1, 2, 1, 1, 2, 0, 1, 0, 0, 2, 1, 2, 1, 0, 0, 1, 1, 0, 2, 0, 0]
End Time: Ter Jul 5 02:00:32 BRT 2016 --- run in 1:47:35 ---

==> run_hypdp_cluster.sh.o199127 <==
Best: -39.0 	[2,2,1,0,1,1,2,2,1,1,0,0,1,1,1,0,2,2,0,2,2,1,0,0,2,1,1,0,0,2,1,0,0,1,2,2,1,0,0,2,2,0,0,1,2,2,1,0,1,0,0,2,1,0,2,2,1,1,2,2,0,0,2,1,1,0,1,2,1,2,1,1,1,2,1,0,1,1,0,0,1,2,2,1,1,2,1,0,1,1,1,0,0,2,0,1,0,0]
-39.0:[2, 2, 1, 0, 1, 1, 2, 2, 1, 1, 0, 0, 1, 1, 1, 0, 2, 2, 0, 2, 2, 1, 0, 0, 2, 1, 1, 0, 0, 2, 1, 0, 0, 1, 2, 2, 1, 0, 0, 2, 2, 0, 0, 1, 2, 2, 1, 0, 1, 0, 0, 2, 1, 0, 2, 2, 1, 1, 2, 2, 0, 0, 2, 1, 1, 0, 1, 2, 1, 2, 1, 1, 1, 2, 1, 0, 1, 1, 0, 0, 1, 2, 2, 1, 1, 2, 1, 0, 1, 1, 1, 0, 0, 2, 0, 1, 0, 0]
End Time: Ter Jul 5 01:58:51 BRT 2016 --- run in 1:45:54 ---

==> run_hypdp_cluster.sh.o199128 <==
Best: -38.0 	[0,0,1,1,2,2,0,0,2,0,0,2,1,0,1,1,1,0,0,1,1,2,2,1,1,1,2,0,1,1,1,1,0,0,1,1,2,2,1,1,1,0,0,2,1,0,0,1,2,1,1,1,0,2,2,1,2,1,1,1,0,1,1,2,1,0,2,0,0,1,0,2,1,1,0,0,2,1,2,2,0,0,2,2,0,2,2,1,0,1,0,1,1,0,1,2,0,0]
-38.0:[0, 0, 1, 1, 2, 2, 0, 0, 2, 0, 0, 2, 1, 0, 1, 1, 1, 0, 0, 1, 1, 2, 2, 1, 1, 1, 2, 0, 1, 1, 1, 1, 0, 0, 1, 1, 2, 2, 1, 1, 1, 0, 0, 2, 1, 0, 0, 1, 2, 1, 1, 1, 0, 2, 2, 1, 2, 1, 1, 1, 0, 1, 1, 2, 1, 0, 2, 0, 0, 1, 0, 2, 1, 1, 0, 0, 2, 1, 2, 2, 0, 0, 2, 2, 0, 2, 2, 1, 0, 1, 0, 1, 1, 0, 1, 2, 0, 0]
End Time: Ter Jul 5 02:58:19 BRT 2016 --- run in 2:45:22 ---

==> run_hypdp_cluster.sh.o199129 <==
Best: -38.0 	[2,1,0,2,1,2,1,0,0,2,1,0,0,1,2,0,1,2,2,1,1,2,0,0,1,2,1,0,1,0,2,0,1,0,0,2,2,0,2,1,1,1,2,1,0,2,1,2,2,0,0,1,2,2,1,1,2,0,0,1,0,1,1,2,1,1,0,0,2,0,2,0,1,1,1,0,1,2,1,1,1,1,2,2,1,1,1,0,1,1,1,0,0,1,1,2,2,0]
-38.0:[2, 1, 0, 2, 1, 2, 1, 0, 0, 2, 1, 0, 0, 1, 2, 0, 1, 2, 2, 1, 1, 2, 0, 0, 1, 2, 1, 0, 1, 0, 2, 0, 1, 0, 0, 2, 2, 0, 2, 1, 1, 1, 2, 1, 0, 2, 1, 2, 2, 0, 0, 1, 2, 2, 1, 1, 2, 0, 0, 1, 0, 1, 1, 2, 1, 1, 0, 0, 2, 0, 2, 0, 1, 1, 1, 0, 1, 2, 1, 1, 1, 1, 2, 2, 1, 1, 1, 0, 1, 1, 1, 0, 0, 1, 1, 2, 2, 0]
End Time: Ter Jul 5 02:27:16 BRT 2016 --- run in 2:14:44 ---

==> run_hypdp_cluster.sh.o199130 <==
Best: -41.0 	[1,2,0,0,1,0,1,1,1,2,2,1,1,1,1,0,2,2,0,2,2,1,0,0,2,1,1,1,0,1,1,1,0,0,1,1,2,1,1,2,2,1,0,1,0,0,2,2,0,0,1,2,2,1,1,1,2,2,0,1,0,0,2,1,0,0,2,2,1,2,0,1,2,2,1,0,2,1,0,2,1,0,0,1,2,0,0,2,2,0,0,2,0,1,0,0,2,1]
-41.0:[1, 2, 0, 0, 1, 0, 1, 1, 1, 2, 2, 1, 1, 1, 1, 0, 2, 2, 0, 2, 2, 1, 0, 0, 2, 1, 1, 1, 0, 1, 1, 1, 0, 0, 1, 1, 2, 1, 1, 2, 2, 1, 0, 1, 0, 0, 2, 2, 0, 0, 1, 2, 2, 1, 1, 1, 2, 2, 0, 1, 0, 0, 2, 1, 0, 0, 2, 2, 1, 2, 0, 1, 2, 2, 1, 0, 2, 1, 0, 2, 1, 0, 0, 1, 2, 0, 0, 2, 2, 0, 0, 2, 0, 1, 0, 0, 2, 1]
End Time: Ter Jul 5 01:58:35 BRT 2016 --- run in 1:45:38 ---

==> run_hypdp_cluster.sh.o199131 <==
Best: -38.0 	[1,0,2,0,1,1,2,2,1,0,1,0,0,2,1,0,1,1,0,2,2,0,1,0,2,2,1,1,1,1,0,1,2,2,1,0,2,1,1,2,1,2,2,0,0,1,0,1,1,0,2,2,1,2,1,1,0,0,1,1,1,1,0,2,1,0,2,0,2,0,0,1,0,2,1,0,2,2,1,2,0,1,0,0,2,0,2,2,1,1,1,0,1,1,0,0,2,2]
-38.0:[1, 0, 2, 0, 1, 1, 2, 2, 1, 0, 1, 0, 0, 2, 1, 0, 1, 1, 0, 2, 2, 0, 1, 0, 2, 2, 1, 1, 1, 1, 0, 1, 2, 2, 1, 0, 2, 1, 1, 2, 1, 2, 2, 0, 0, 1, 0, 1, 1, 0, 2, 2, 1, 2, 1, 1, 0, 0, 1, 1, 1, 1, 0, 2, 1, 0, 2, 0, 2, 0, 0, 1, 0, 2, 1, 0, 2, 2, 1, 2, 0, 1, 0, 0, 2, 0, 2, 2, 1, 1, 1, 0, 1, 1, 0, 0, 2, 2]
End Time: Ter Jul 5 03:36:54 BRT 2016 --- run in 3:24:22 ---

==> run_hypdp_cluster.sh.o199132 <==
Best: -39.0 	[0,1,1,0,1,0,2,0,1,1,1,2,2,1,1,1,1,0,0,1,1,2,1,1,1,1,0,2,1,2,1,0,2,2,1,2,0,1,1,1,1,0,0,1,1,1,2,0,2,2,0,2,1,1,2,2,1,0,0,1,1,0,1,1,2,0,1,0,1,2,0,0,1,1,2,1,2,0,0,1,2,2,0,0,1,0,2,2,1,0,2,0,1,1,0,0,2,2]
-39.0:[0, 1, 1, 0, 1, 0, 2, 0, 1, 1, 1, 2, 2, 1, 1, 1, 1, 0, 0, 1, 1, 2, 1, 1, 1, 1, 0, 2, 1, 2, 1, 0, 2, 2, 1, 2, 0, 1, 1, 1, 1, 0, 0, 1, 1, 1, 2, 0, 2, 2, 0, 2, 1, 1, 2, 2, 1, 0, 0, 1, 1, 0, 1, 1, 2, 0, 1, 0, 1, 2, 0, 0, 1, 1, 2, 1, 2, 0, 0, 1, 2, 2, 0, 0, 1, 0, 2, 2, 1, 0, 2, 0, 1, 1, 0, 0, 2, 2]
End Time: Ter Jul 5 02:00:08 BRT 2016 --- run in 1:47:10 ---

==> run_hypdp_cluster.sh.o199133 <==
Best: -38.0 	[1,1,1,1,1,2,0,0,1,1,2,2,1,1,1,2,1,0,1,0,0,2,1,0,1,1,2,1,2,2,0,0,2,2,0,1,2,2,0,0,1,1,2,2,1,0,0,1,2,2,0,1,1,0,1,0,0,2,2,0,1,2,2,1,0,1,1,1,1,1,0,0,1,2,1,2,0,1,1,0,1,1,1,0,0,1,1,2,2,1,0,0,2,2,1,2,0,1]
-38.0:[1, 1, 1, 1, 1, 2, 0, 0, 1, 1, 2, 2, 1, 1, 1, 2, 1, 0, 1, 0, 0, 2, 1, 0, 1, 1, 2, 1, 2, 2, 0, 0, 2, 2, 0, 1, 2, 2, 0, 0, 1, 1, 2, 2, 1, 0, 0, 1, 2, 2, 0, 1, 1, 0, 1, 0, 0, 2, 2, 0, 1, 2, 2, 1, 0, 1, 1, 1, 1, 1, 0, 0, 1, 2, 1, 2, 0, 1, 1, 0, 1, 1, 1, 0, 0, 1, 1, 2, 2, 1, 0, 0, 2, 2, 1, 2, 0, 1]
End Time: Ter Jul 5 02:01:22 BRT 2016 --- run in 1:48:25 ---

==> run_hypdp_cluster.sh.o199134 <==
Best: -37.0 	[0,1,0,2,0,2,1,1,0,1,0,1,0,2,2,0,1,0,0,2,2,1,2,0,0,1,1,2,2,1,1,1,0,0,1,1,1,2,2,1,1,0,1,2,0,1,0,0,2,2,0,0,2,0,0,1,2,2,1,1,0,1,2,0,1,2,2,0,1,2,1,2,0,1,2,2,1,0,0,1,2,0,1,2,0,2,1,1,0,1,1,0,1,0,2,0,0,1]
-37.0:[0, 1, 0, 2, 0, 2, 1, 1, 0, 1, 0, 1, 0, 2, 2, 0, 1, 0, 0, 2, 2, 1, 2, 0, 0, 1, 1, 2, 2, 1, 1, 1, 0, 0, 1, 1, 1, 2, 2, 1, 1, 0, 1, 2, 0, 1, 0, 0, 2, 2, 0, 0, 2, 0, 0, 1, 2, 2, 1, 1, 0, 1, 2, 0, 1, 2, 2, 0, 1, 2, 1, 2, 0, 1, 2, 2, 1, 0, 0, 1, 2, 0, 1, 2, 0, 2, 1, 1, 0, 1, 1, 0, 1, 0, 2, 0, 0, 1]
End Time: Ter Jul 5 04:49:10 BRT 2016 --- run in 4:36:38 ---

==> run_hypdp_cluster.sh.o199135 <==
Best: -39.0 	[2,1,2,1,0,1,0,0,2,1,2,1,2,1,1,1,1,2,2,0,0,1,2,0,2,0,0,2,0,0,1,2,2,0,0,1,2,1,2,2,0,0,1,0,1,1,0,1,2,2,1,1,0,0,2,1,0,0,1,2,2,1,1,2,1,1,2,1,0,2,1,0,2,1,2,2,0,0,1,0,1,1,2,2,0,2,2,0,0,2,1,0,1,0,1,1,0,0]
-39.0:[2, 1, 2, 1, 0, 1, 0, 0, 2, 1, 2, 1, 2, 1, 1, 1, 1, 2, 2, 0, 0, 1, 2, 0, 2, 0, 0, 2, 0, 0, 1, 2, 2, 0, 0, 1, 2, 1, 2, 2, 0, 0, 1, 0, 1, 1, 0, 1, 2, 2, 1, 1, 0, 0, 2, 1, 0, 0, 1, 2, 2, 1, 1, 2, 1, 1, 2, 1, 0, 2, 1, 0, 2, 1, 2, 2, 0, 0, 1, 0, 1, 1, 2, 2, 0, 2, 2, 0, 0, 2, 1, 0, 1, 0, 1, 1, 0, 0]
End Time: Ter Jul 5 01:58:39 BRT 2016 --- run in 1:45:42 ---

==> run_hypdp_cluster.sh.o199136 <==
Best: -39.0 	[0,1,1,2,1,1,0,0,1,2,1,2,1,2,0,0,2,2,0,2,2,1,0,0,1,1,2,1,0,1,1,2,0,0,1,2,0,0,1,0,2,2,1,1,0,0,2,2,1,2,1,1,0,2,2,1,2,0,0,1,0,1,1,1,1,2,0,1,0,0,2,0,1,2,1,2,0,0,1,2,2,0,2,2,0,2,1,0,1,1,0,2,0,0,1,1,0,0]
-39.0:[0, 1, 1, 2, 1, 1, 0, 0, 1, 2, 1, 2, 1, 2, 0, 0, 2, 2, 0, 2, 2, 1, 0, 0, 1, 1, 2, 1, 0, 1, 1, 2, 0, 0, 1, 2, 0, 0, 1, 0, 2, 2, 1, 1, 0, 0, 2, 2, 1, 2, 1, 1, 0, 2, 2, 1, 2, 0, 0, 1, 0, 1, 1, 1, 1, 2, 0, 1, 0, 0, 2, 0, 1, 2, 1, 2, 0, 0, 1, 2, 2, 0, 2, 2, 0, 2, 1, 0, 1, 1, 0, 2, 0, 0, 1, 1, 0, 0]
End Time: Ter Jul 5 02:30:10 BRT 2016 --- run in 2:17:38 ---

==> run_hypdp_cluster.sh.o199137 <==
Best: -39.0 	[1,1,0,2,0,2,0,0,2,2,0,2,1,1,0,1,1,2,2,1,1,1,1,2,2,0,0,1,0,1,1,0,1,1,1,1,1,1,1,1,0,2,2,1,2,1,1,1,0,0,2,2,0,2,2,0,2,2,0,0,1,0,2,0,0,2,0,2,0,1,1,0,2,0,1,2,2,0,0,2,1,2,0,0,1,0,1,2,1,1,1,0,1,0,2,1,0,0]
-39.0:[1, 1, 0, 2, 0, 2, 0, 0, 2, 2, 0, 2, 1, 1, 0, 1, 1, 2, 2, 1, 1, 1, 1, 2, 2, 0, 0, 1, 0, 1, 1, 0, 1, 1, 1, 1, 1, 1, 1, 1, 0, 2, 2, 1, 2, 1, 1, 1, 0, 0, 2, 2, 0, 2, 2, 0, 2, 2, 0, 0, 1, 0, 2, 0, 0, 2, 0, 2, 0, 1, 1, 0, 2, 0, 1, 2, 2, 0, 0, 2, 1, 2, 0, 0, 1, 0, 1, 2, 1, 1, 1, 0, 1, 0, 2, 1, 0, 0]
End Time: Ter Jul 5 02:01:31 BRT 2016 --- run in 1:48:34 ---

==> run_hypdp_cluster.sh.o199138 <==
Best: -40.0 	[2,1,0,2,0,1,2,2,0,1,0,1,0,1,1,1,0,2,2,1,2,1,1,1,0,1,1,0,0,1,2,2,0,0,2,2,0,0,1,1,1,2,2,1,1,1,0,0,1,1,2,1,1,2,1,1,2,2,1,0,0,1,1,0,1,1,1,0,1,1,0,2,1,1,0,0,2,2,1,1,1,1,0,0,2,0,0,2,2,1,1,1,0,0,1,1,1,2]
-40.0:[2, 1, 0, 2, 0, 1, 2, 2, 0, 1, 0, 1, 0, 1, 1, 1, 0, 2, 2, 1, 2, 1, 1, 1, 0, 1, 1, 0, 0, 1, 2, 2, 0, 0, 2, 2, 0, 0, 1, 1, 1, 2, 2, 1, 1, 1, 0, 0, 1, 1, 2, 1, 1, 2, 1, 1, 2, 2, 1, 0, 0, 1, 1, 0, 1, 1, 1, 0, 1, 1, 0, 2, 1, 1, 0, 0, 2, 2, 1, 1, 1, 1, 0, 0, 2, 0, 0, 2, 2, 1, 1, 1, 0, 0, 1, 1, 1, 2]
End Time: Ter Jul 5 03:44:05 BRT 2016 --- run in 1:45:23 ---
