==> run_hypdp_cluster.sh.o198159 <==
Best: -29.0 	[1,0,0,1,1,0,1,0,1,1,2,2,1,0,2,0,0,2,0,1,1,0,0,1,2,2,1,1,0,0,2,2,0,0,2,2,1,0,0,2,1,0,1,1,2,0,1,1,0,1,0,0,2,2,0,1,1,2,2,1,1,1]
-29.0:[1, 0, 0, 1, 1, 0, 1, 0, 1, 1, 2, 2, 1, 0, 2, 0, 0, 2, 0, 1, 1, 0, 0, 1, 2, 2, 1, 1, 0, 0, 2, 2, 0, 0, 2, 2, 1, 0, 0, 2, 1, 0, 1, 1, 2, 0, 1, 1, 0, 1, 0, 0, 2, 2, 0, 1, 1, 2, 2, 1, 1, 1]
End Time: Seg Jun 27 17:50:44 BRT 2016 --- run in 0:11:24 ---

==> run_hypdp_cluster.sh.o198160 <==
Best: -29.0 	[2,2,1,2,0,1,1,0,0,1,2,1,1,2,1,2,2,0,0,1,1,1,1,2,2,0,2,2,0,0,1,2,1,0,2,2,0,0,1,2,2,1,0,0,2,2,1,1,1,1,2,2,0,1,0,0,2,0,2,2,1,2]
-29.0:[2, 2, 1, 2, 0, 1, 1, 0, 0, 1, 2, 1, 1, 2, 1, 2, 2, 0, 0, 1, 1, 1, 1, 2, 2, 0, 2, 2, 0, 0, 1, 2, 1, 0, 2, 2, 0, 0, 1, 2, 2, 1, 0, 0, 2, 2, 1, 1, 1, 1, 2, 2, 0, 1, 0, 0, 2, 0, 2, 2, 1, 2]
End Time: Seg Jun 27 17:50:34 BRT 2016 --- run in 0:11:13 ---

==> run_hypdp_cluster.sh.o198161 <==
Best: -29.0 	[1,0,0,1,2,2,0,2,0,0,2,2,1,2,1,1,1,1,1,0,0,1,1,2,2,1,1,1,2,1,1,2,0,1,1,1,0,1,2,0,1,2,2,1,0,2,2,1,0,1,2,1,0,0,2,1,1,2,1,2,2,0]
-29.0:[1, 0, 0, 1, 2, 2, 0, 2, 0, 0, 2, 2, 1, 2, 1, 1, 1, 1, 1, 0, 0, 1, 1, 2, 2, 1, 1, 1, 2, 1, 1, 2, 0, 1, 1, 1, 0, 1, 2, 0, 1, 2, 2, 1, 0, 2, 2, 1, 0, 1, 2, 1, 0, 0, 2, 1, 1, 2, 1, 2, 2, 0]
End Time: Seg Jun 27 17:54:05 BRT 2016 --- run in 0:15:3 ---

==> run_hypdp_cluster.sh.o198162 <==
Best: -30.0 	[1,0,0,2,0,0,2,1,2,2,0,0,1,1,0,1,1,0,2,0,0,2,2,0,1,2,0,0,2,1,0,0,2,2,1,0,1,0,0,2,1,2,0,1,2,0,1,1,1,2,0,0,1,1,2,1,2,2,0,0,2,2]
-30.0:[1, 0, 0, 2, 0, 0, 2, 1, 2, 2, 0, 0, 1, 1, 0, 1, 1, 0, 2, 0, 0, 2, 2, 0, 1, 2, 0, 0, 2, 1, 0, 0, 2, 2, 1, 0, 1, 0, 0, 2, 1, 2, 0, 1, 2, 0, 1, 1, 1, 2, 0, 0, 1, 1, 2, 1, 2, 2, 0, 0, 2, 2]
End Time: Seg Jun 27 17:50:57 BRT 2016 --- run in 0:11:36 ---

==> run_hypdp_cluster.sh.o198163 <==
Best: -33.0 	[0,1,1,0,0,1,2,2,1,1,1,0,0,1,2,0,0,2,2,0,0,1,2,0,1,2,1,0,1,1,0,1,2,1,0,0,1,2,1,1,1,1,0,1,1,1,0,0,1,1,2,1,1,1,1,1,2,2,1,1,1,1]
-33.0:[0, 1, 1, 0, 0, 1, 2, 2, 1, 1, 1, 0, 0, 1, 2, 0, 0, 2, 2, 0, 0, 1, 2, 0, 1, 2, 1, 0, 1, 1, 0, 1, 2, 1, 0, 0, 1, 2, 1, 1, 1, 1, 0, 1, 1, 1, 0, 0, 1, 1, 2, 1, 1, 1, 1, 1, 2, 2, 1, 1, 1, 1]
End Time: Seg Jun 27 17:54:06 BRT 2016 --- run in 0:15:4 ---

==> run_hypdp_cluster.sh.o198164 <==
Best: -28.0 	[2,2,1,1,2,2,0,0,2,2,1,2,0,1,1,2,2,0,1,1,1,0,1,2,2,0,1,2,0,0,2,2,1,1,2,2,0,1,2,0,0,1,1,2,2,1,0,0,1,1,0,1,2,1,2,2,0,1,2,1,1,1]
-28.0:[2, 2, 1, 1, 2, 2, 0, 0, 2, 2, 1, 2, 0, 1, 1, 2, 2, 0, 1, 1, 1, 0, 1, 2, 2, 0, 1, 2, 0, 0, 2, 2, 1, 1, 2, 2, 0, 1, 2, 0, 0, 1, 1, 2, 2, 1, 0, 0, 1, 1, 0, 1, 2, 1, 2, 2, 0, 1, 2, 1, 1, 1]
End Time: Seg Jun 27 17:50:26 BRT 2016 --- run in 0:11:6 ---

==> run_hypdp_cluster.sh.o198165 <==
Best: -28.0 	[0,0,2,2,0,0,2,2,1,2,1,1,1,1,1,2,2,0,0,2,2,1,1,1,1,1,1,2,0,1,2,2,0,1,2,1,0,2,2,0,0,2,2,0,0,2,2,0,0,2,0,1,1,0,1,0,0,2,2,1,2,1]
-28.0:[0, 0, 2, 2, 0, 0, 2, 2, 1, 2, 1, 1, 1, 1, 1, 2, 2, 0, 0, 2, 2, 1, 1, 1, 1, 1, 1, 2, 0, 1, 2, 2, 0, 1, 2, 1, 0, 2, 2, 0, 0, 2, 2, 0, 0, 2, 2, 0, 0, 2, 0, 1, 1, 0, 1, 0, 0, 2, 2, 1, 2, 1]
End Time: Seg Jun 27 17:50:51 BRT 2016 --- run in 0:11:30 ---

==> run_hypdp_cluster.sh.o198166 <==
Best: -29.0 	[0,1,0,0,2,0,2,2,0,1,0,0,2,0,1,1,1,2,0,1,0,1,0,2,1,2,0,0,2,1,0,1,1,2,2,0,0,2,0,1,1,0,0,2,2,0,0,2,1,2,0,0,1,1,0,0,2,2,1,2,0,0]
-29.0:[0, 1, 0, 0, 2, 0, 2, 2, 0, 1, 0, 0, 2, 0, 1, 1, 1, 2, 0, 1, 0, 1, 0, 2, 1, 2, 0, 0, 2, 1, 0, 1, 1, 2, 2, 0, 0, 2, 0, 1, 1, 0, 0, 2, 2, 0, 0, 2, 1, 2, 0, 0, 1, 1, 0, 0, 2, 2, 1, 2, 0, 0]
End Time: Seg Jun 27 17:54:06 BRT 2016 --- run in 0:15:4 ---

==> run_hypdp_cluster.sh.o198167 <==
Best: -29.0 	[1,0,1,0,0,2,2,0,0,1,1,0,1,1,1,1,2,2,1,1,1,1,1,2,1,1,1,1,2,0,2,2,0,0,2,2,0,2,1,1,0,1,2,1,0,2,2,0,2,2,0,1,0,0,2,2,1,1,2,2,0,0]
-29.0:[1, 0, 1, 0, 0, 2, 2, 0, 0, 1, 1, 0, 1, 1, 1, 1, 2, 2, 1, 1, 1, 1, 1, 2, 1, 1, 1, 1, 2, 0, 2, 2, 0, 0, 2, 2, 0, 2, 1, 1, 0, 1, 2, 1, 0, 2, 2, 0, 2, 2, 0, 1, 0, 0, 2, 2, 1, 1, 2, 2, 0, 0]
End Time: Seg Jun 27 17:50:42 BRT 2016 --- run in 0:11:22 ---

==> run_hypdp_cluster.sh.o198168 <==
Best: -31.0 	[2,2,0,0,2,2,1,2,1,1,0,0,2,1,1,0,0,1,1,2,2,1,1,0,1,1,0,1,1,1,0,0,1,1,2,2,1,1,1,1,2,0,0,2,2,0,0,2,0,1,0,0,2,1,2,2,0,0,2,1,0,1]
-31.0:[2, 2, 0, 0, 2, 2, 1, 2, 1, 1, 0, 0, 2, 1, 1, 0, 0, 1, 1, 2, 2, 1, 1, 0, 1, 1, 0, 1, 1, 1, 0, 0, 1, 1, 2, 2, 1, 1, 1, 1, 2, 0, 0, 2, 2, 0, 0, 2, 0, 1, 0, 0, 2, 1, 2, 2, 0, 0, 2, 1, 0, 1]
End Time: Seg Jun 27 17:50:25 BRT 2016 --- run in 0:11:5 ---

==> run_hypdp_cluster.sh.o198169 <==
Best: -27.0 	[1,2,2,1,0,0,1,1,0,1,1,1,0,1,2,0,0,2,1,1,0,1,1,1,2,0,0,1,2,2,0,1,0,1,1,1,1,1,0,1,1,0,1,1,0,0,2,2,1,2,1,1,0,2,2,0,0,2,2,1,1,1]
-27.0:[1, 2, 2, 1, 0, 0, 1, 1, 0, 1, 1, 1, 0, 1, 2, 0, 0, 2, 1, 1, 0, 1, 1, 1, 2, 0, 0, 1, 2, 2, 0, 1, 0, 1, 1, 1, 1, 1, 0, 1, 1, 0, 1, 1, 0, 0, 2, 2, 1, 2, 1, 1, 0, 2, 2, 0, 0, 2, 2, 1, 1, 1]
End Time: Seg Jun 27 17:54:08 BRT 2016 --- run in 0:15:6 ---

==> run_hypdp_cluster.sh.o198170 <==
Best: -28.0 	[0,2,0,2,2,0,0,2,2,0,0,1,0,2,1,0,1,1,2,0,0,2,2,0,0,1,1,0,2,2,0,1,1,1,0,1,2,0,0,2,1,1,0,2,2,0,0,2,0,1,0,0,2,1,1,0,2,2,0,0,2,1]
-28.0:[0, 2, 0, 2, 2, 0, 0, 2, 2, 0, 0, 1, 0, 2, 1, 0, 1, 1, 2, 0, 0, 2, 2, 0, 0, 1, 1, 0, 2, 2, 0, 1, 1, 1, 0, 1, 2, 0, 0, 2, 1, 1, 0, 2, 2, 0, 0, 2, 0, 1, 0, 0, 2, 1, 1, 0, 2, 2, 0, 0, 2, 1]
End Time: Seg Jun 27 17:50:46 BRT 2016 --- run in 0:11:26 ---

==> run_hypdp_cluster.sh.o198171 <==
Best: -28.0 	[1,0,0,1,2,2,1,1,2,1,0,1,2,2,1,1,1,1,1,2,1,0,1,2,2,1,0,0,1,1,2,2,1,1,1,2,0,1,1,1,1,1,1,1,1,2,2,0,2,0,1,1,2,2,1,1,0,1,2,2,1,1]
-28.0:[1, 0, 0, 1, 2, 2, 1, 1, 2, 1, 0, 1, 2, 2, 1, 1, 1, 1, 1, 2, 1, 0, 1, 2, 2, 1, 0, 0, 1, 1, 2, 2, 1, 1, 1, 2, 0, 1, 1, 1, 1, 1, 1, 1, 1, 2, 2, 0, 2, 0, 1, 1, 2, 2, 1, 1, 0, 1, 2, 2, 1, 1]
End Time: Seg Jun 27 17:54:01 BRT 2016 --- run in 0:14:59 ---

==> run_hypdp_cluster.sh.o198172 <==
Best: -30.0 	[1,0,1,0,0,2,2,1,2,1,1,2,1,1,1,0,0,1,2,2,1,0,1,2,2,0,2,2,0,1,1,1,1,0,2,1,2,1,1,1,1,1,1,1,1,2,2,0,1,1,2,2,1,1,0,1,1,1,1,0,1,1]
-30.0:[1, 0, 1, 0, 0, 2, 2, 1, 2, 1, 1, 2, 1, 1, 1, 0, 0, 1, 2, 2, 1, 0, 1, 2, 2, 0, 2, 2, 0, 1, 1, 1, 1, 0, 2, 1, 2, 1, 1, 1, 1, 1, 1, 1, 1, 2, 2, 0, 1, 1, 2, 2, 1, 1, 0, 1, 1, 1, 1, 0, 1, 1]
End Time: Seg Jun 27 17:50:24 BRT 2016 --- run in 0:11:4 ---

==> run_hypdp_cluster.sh.o198173 <==
Best: -30.0 	[0,1,2,1,0,0,1,1,0,1,2,2,1,1,1,2,2,0,0,2,2,0,0,2,1,2,2,0,1,1,2,1,0,0,2,2,0,2,2,0,1,1,1,2,0,1,2,2,1,1,0,0,2,1,0,2,0,0,1,0,2,2]
-30.0:[0, 1, 2, 1, 0, 0, 1, 1, 0, 1, 2, 2, 1, 1, 1, 2, 2, 0, 0, 2, 2, 0, 0, 2, 1, 2, 2, 0, 1, 1, 2, 1, 0, 0, 2, 2, 0, 2, 2, 0, 1, 1, 1, 2, 0, 1, 2, 2, 1, 1, 0, 0, 2, 1, 0, 2, 0, 0, 1, 0, 2, 2]
End Time: Seg Jun 27 17:50:40 BRT 2016 --- run in 0:11:20 ---

==> run_hypdp_cluster.sh.o198174 <==
Best: -26.0 	[0,1,0,0,2,1,0,1,1,1,1,2,2,0,1,0,0,2,1,0,0,2,2,0,0,1,2,1,1,1,1,1,0,1,0,0,2,2,1,2,1,0,0,2,1,0,1,0,0,2,2,0,2,1,0,0,2,2,1,2,1,1]
-26.0:[0, 1, 0, 0, 2, 1, 0, 1, 1, 1, 1, 2, 2, 0, 1, 0, 0, 2, 1, 0, 0, 2, 2, 0, 0, 1, 2, 1, 1, 1, 1, 1, 0, 1, 0, 0, 2, 2, 1, 2, 1, 0, 0, 2, 1, 0, 1, 0, 0, 2, 2, 0, 2, 1, 0, 0, 2, 2, 1, 2, 1, 1]
End Time: Seg Jun 27 17:54:02 BRT 2016 --- run in 0:15:0 ---

==> run_hypdp_cluster.sh.o198175 <==
Best: -28.0 	[0,2,2,0,0,1,0,1,1,0,2,2,1,2,0,0,2,2,1,2,1,0,1,1,1,2,1,2,0,1,2,1,1,1,0,0,2,0,0,2,1,2,0,1,1,1,1,0,1,1,0,1,0,0,2,2,1,2,1,0,0,1]
-28.0:[0, 2, 2, 0, 0, 1, 0, 1, 1, 0, 2, 2, 1, 2, 0, 0, 2, 2, 1, 2, 1, 0, 1, 1, 1, 2, 1, 2, 0, 1, 2, 1, 1, 1, 0, 0, 2, 0, 0, 2, 1, 2, 0, 1, 1, 1, 1, 0, 1, 1, 0, 1, 0, 0, 2, 2, 1, 2, 1, 0, 0, 1]
End Time: Seg Jun 27 17:50:57 BRT 2016 --- run in 0:11:36 ---

==> run_hypdp_cluster.sh.o198176 <==
Best: -29.0 	[1,0,1,0,0,2,2,0,0,1,1,0,1,1,1,0,1,2,1,0,0,1,2,1,0,0,2,1,1,1,2,0,0,1,0,2,1,2,2,0,1,1,2,1,1,1,1,1,2,1,2,0,2,2,0,1,1,2,2,1,1,1]
-29.0:[1, 0, 1, 0, 0, 2, 2, 0, 0, 1, 1, 0, 1, 1, 1, 0, 1, 2, 1, 0, 0, 1, 2, 1, 0, 0, 2, 1, 1, 1, 2, 0, 0, 1, 0, 2, 1, 2, 2, 0, 1, 1, 2, 1, 1, 1, 1, 1, 2, 1, 2, 0, 2, 2, 0, 1, 1, 2, 2, 1, 1, 1]
End Time: Seg Jun 27 17:50:29 BRT 2016 --- run in 0:11:8 ---

==> run_hypdp_cluster.sh.o198177 <==
Best: -30.0 	[0,0,1,1,0,0,2,0,1,2,0,0,2,1,2,0,0,1,0,1,1,2,2,1,1,1,1,1,0,0,1,2,1,2,0,0,2,0,0,2,2,0,0,1,2,2,0,0,1,2,0,0,1,1,1,1,0,1,0,0,2,1]
-30.0:[0, 0, 1, 1, 0, 0, 2, 0, 1, 2, 0, 0, 2, 1, 2, 0, 0, 1, 0, 1, 1, 2, 2, 1, 1, 1, 1, 1, 0, 0, 1, 2, 1, 2, 0, 0, 2, 0, 0, 2, 2, 0, 0, 1, 2, 2, 0, 0, 1, 2, 0, 0, 1, 1, 1, 1, 0, 1, 0, 0, 2, 1]
End Time: Seg Jun 27 17:54:09 BRT 2016 --- run in 0:15:7 ---

==> run_hypdp_cluster.sh.o198178 <==
Best: -28.0 	[1,0,1,0,0,2,2,1,2,0,2,2,0,1,2,2,0,1,0,1,1,2,2,1,1,1,1,1,0,0,1,1,2,1,2,2,0,1,1,1,0,2,2,0,0,2,2,1,1,2,1,2,0,1,0,1,1,1,0,0,1,1]
-28.0:[1, 0, 1, 0, 0, 2, 2, 1, 2, 0, 2, 2, 0, 1, 2, 2, 0, 1, 0, 1, 1, 2, 2, 1, 1, 1, 1, 1, 0, 0, 1, 1, 2, 1, 2, 2, 0, 1, 1, 1, 0, 2, 2, 0, 0, 2, 2, 1, 1, 2, 1, 2, 0, 1, 0, 1, 1, 1, 0, 0, 1, 1]
End Time: Seg Jun 27 17:50:43 BRT 2016 --- run in 0:11:23 ---

==> run_hypdp_cluster.sh.o198179 <==
Best: -30.0 	[2,1,0,0,2,0,0,2,0,1,1,0,2,0,2,0,0,2,0,0,1,2,2,1,0,1,1,0,2,1,0,0,2,2,1,0,1,0,0,2,1,2,0,1,2,1,0,0,1,2,1,1,2,2,1,0,0,1,2,2,1,1]
-30.0:[2, 1, 0, 0, 2, 0, 0, 2, 0, 1, 1, 0, 2, 0, 2, 0, 0, 2, 0, 0, 1, 2, 2, 1, 0, 1, 1, 0, 2, 1, 0, 0, 2, 2, 1, 0, 1, 0, 0, 2, 1, 2, 0, 1, 2, 1, 0, 0, 1, 2, 1, 1, 2, 2, 1, 0, 0, 1, 2, 2, 1, 1]
End Time: Seg Jun 27 17:54:07 BRT 2016 --- run in 0:15:5 ---

==> run_hypdp_cluster.sh.o198180 <==
Best: -30.0 	[1,1,1,2,0,0,2,0,2,2,1,2,0,2,1,1,2,0,0,2,2,0,0,2,2,1,1,1,1,1,2,1,0,1,2,1,1,2,2,1,0,0,2,1,2,2,0,1,0,0,2,0,1,1,1,0,0,2,2,1,2,0]
-30.0:[1, 1, 1, 2, 0, 0, 2, 0, 2, 2, 1, 2, 0, 2, 1, 1, 2, 0, 0, 2, 2, 0, 0, 2, 2, 1, 1, 1, 1, 1, 2, 1, 0, 1, 2, 1, 1, 2, 2, 1, 0, 0, 2, 1, 2, 2, 0, 1, 0, 0, 2, 0, 1, 1, 1, 0, 0, 2, 2, 1, 2, 0]
End Time: Seg Jun 27 17:50:28 BRT 2016 --- run in 0:11:7 ---

==> run_hypdp_cluster.sh.o198181 <==
Best: -31.0 	[2,2,1,2,1,2,1,1,2,1,1,2,1,1,1,2,1,1,1,2,1,1,0,1,2,0,2,2,0,1,1,2,1,0,2,2,1,0,2,0,0,1,1,2,1,2,2,0,1,0,2,2,1,1,1,2,0,1,0,1,0,0]
-31.0:[2, 2, 1, 2, 1, 2, 1, 1, 2, 1, 1, 2, 1, 1, 1, 2, 1, 1, 1, 2, 1, 1, 0, 1, 2, 0, 2, 2, 0, 1, 1, 2, 1, 0, 2, 2, 1, 0, 2, 0, 0, 1, 1, 2, 1, 2, 2, 0, 1, 0, 2, 2, 1, 1, 1, 2, 0, 1, 0, 1, 0, 0]
End Time: Seg Jun 27 17:50:53 BRT 2016 --- run in 0:11:33 ---

==> run_hypdp_cluster.sh.o198182 <==
Best: -30.0 	[2,2,0,0,2,2,1,2,1,1,1,2,1,1,1,2,2,0,0,2,2,0,1,2,1,1,1,2,1,1,0,0,1,1,1,1,1,2,2,0,1,2,2,1,0,1,1,1,1,0,0,2,1,0,0,1,2,1,2,2,0,0]
-30.0:[2, 2, 0, 0, 2, 2, 1, 2, 1, 1, 1, 2, 1, 1, 1, 2, 2, 0, 0, 2, 2, 0, 1, 2, 1, 1, 1, 2, 1, 1, 0, 0, 1, 1, 1, 1, 1, 2, 2, 0, 1, 2, 2, 1, 0, 1, 1, 1, 1, 0, 0, 2, 1, 0, 0, 1, 2, 1, 2, 2, 0, 0]
End Time: Seg Jun 27 17:54:10 BRT 2016 --- run in 0:15:8 ---

==> run_hypdp_cluster.sh.o198183 <==
Best: -31.0 	[1,0,1,0,0,2,2,1,2,1,0,0,1,1,1,0,0,2,2,0,0,2,2,0,0,1,1,1,1,1,0,0,2,2,1,0,1,0,0,2,2,1,1,1,0,0,2,2,1,1,0,1,1,0,0,1,2,2,1,0,0,1]
-31.0:[1, 0, 1, 0, 0, 2, 2, 1, 2, 1, 0, 0, 1, 1, 1, 0, 0, 2, 2, 0, 0, 2, 2, 0, 0, 1, 1, 1, 1, 1, 0, 0, 2, 2, 1, 0, 1, 0, 0, 2, 2, 1, 1, 1, 0, 0, 2, 2, 1, 1, 0, 1, 1, 0, 0, 1, 2, 2, 1, 0, 0, 1]
End Time: Seg Jun 27 17:50:52 BRT 2016 --- run in 0:11:31 ---

==> run_hypdp_cluster.sh.o198184 <==
Best: -31.0 	[2,2,0,0,2,2,1,2,1,1,1,2,0,1,1,1,1,0,0,2,2,0,2,2,1,0,2,1,1,1,2,2,0,0,2,1,0,2,2,0,0,2,2,0,0,2,2,1,2,1,0,2,2,0,0,2,2,0,0,2,1,0]
-31.0:[2, 2, 0, 0, 2, 2, 1, 2, 1, 1, 1, 2, 0, 1, 1, 1, 1, 0, 0, 2, 2, 0, 2, 2, 1, 0, 2, 1, 1, 1, 2, 2, 0, 0, 2, 1, 0, 2, 2, 0, 0, 2, 2, 0, 0, 2, 2, 1, 2, 1, 0, 2, 2, 0, 0, 2, 2, 0, 0, 2, 1, 0]
End Time: Seg Jun 27 17:50:29 BRT 2016 --- run in 0:11:8 ---

==> run_hypdp_cluster.sh.o198185 <==
Best: -30.0 	[2,2,1,0,0,1,2,1,2,2,0,0,2,0,1,0,0,2,2,0,0,2,0,1,1,2,0,0,2,2,1,0,0,1,1,1,2,1,0,1,1,1,0,1,2,0,1,1,0,0,2,0,1,2,0,2,2,1,2,0,1,2]
-30.0:[2, 2, 1, 0, 0, 1, 2, 1, 2, 2, 0, 0, 2, 0, 1, 0, 0, 2, 2, 0, 0, 2, 0, 1, 1, 2, 0, 0, 2, 2, 1, 0, 0, 1, 1, 1, 2, 1, 0, 1, 1, 1, 0, 1, 2, 0, 1, 1, 0, 0, 2, 0, 1, 2, 0, 2, 2, 1, 2, 0, 1, 2]
End Time: Seg Jun 27 17:54:10 BRT 2016 --- run in 0:15:8 ---

==> run_hypdp_cluster.sh.o198186 <==
Best: -32.0 	[2,2,1,2,1,2,1,0,0,2,0,0,2,0,2,0,0,2,2,0,0,1,2,0,1,2,0,0,2,1,1,0,2,1,0,0,2,2,0,0,2,0,1,1,2,0,0,1,1,1,0,0,2,0,2,2,1,2,0,2,1,1]
-32.0:[2, 2, 1, 2, 1, 2, 1, 0, 0, 2, 0, 0, 2, 0, 2, 0, 0, 2, 2, 0, 0, 1, 2, 0, 1, 2, 0, 0, 2, 1, 1, 0, 2, 1, 0, 0, 2, 2, 0, 0, 2, 0, 1, 1, 2, 0, 0, 1, 1, 1, 0, 0, 2, 0, 2, 2, 1, 2, 0, 2, 1, 1]
End Time: Seg Jun 27 17:51:00 BRT 2016 --- run in 0:11:39 ---

==> run_hypdp_cluster.sh.o198187 <==
Best: -31.0 	[1,1,0,1,0,0,2,1,2,2,0,0,1,1,2,0,0,1,1,0,0,2,2,1,1,2,0,0,1,2,1,0,1,2,0,2,1,0,0,1,2,0,0,2,2,1,0,1,0,0,2,2,0,0,1,2,1,2,2,0,0,1]
-31.0:[1, 1, 0, 1, 0, 0, 2, 1, 2, 2, 0, 0, 1, 1, 2, 0, 0, 1, 1, 0, 0, 2, 2, 1, 1, 2, 0, 0, 1, 2, 1, 0, 1, 2, 0, 2, 1, 0, 0, 1, 2, 0, 0, 2, 2, 1, 0, 1, 0, 0, 2, 2, 0, 0, 1, 2, 1, 2, 2, 0, 0, 1]
End Time: Seg Jun 27 17:54:02 BRT 2016 --- run in 0:15:0 ---

==> run_hypdp_cluster.sh.o198188 <==
Best: -29.0 	[2,1,2,2,0,0,1,1,0,0,2,2,0,1,0,0,2,1,2,1,1,2,1,1,2,0,2,1,0,1,2,1,1,0,2,0,2,2,1,1,0,2,1,1,0,2,2,1,2,0,2,2,0,0,1,1,1,2,2,1,1,0]
-29.0:[2, 1, 2, 2, 0, 0, 1, 1, 0, 0, 2, 2, 0, 1, 0, 0, 2, 1, 2, 1, 1, 2, 1, 1, 2, 0, 2, 1, 0, 1, 2, 1, 1, 0, 2, 0, 2, 2, 1, 1, 0, 2, 1, 1, 0, 2, 2, 1, 2, 0, 2, 2, 0, 0, 1, 1, 1, 2, 2, 1, 1, 0]
End Time: Seg Jun 27 18:01:36 BRT 2016 --- run in 0:11:1 ---
