==> run_hypdp_cluster.sh.o198959 <==
Best: -35.0 	[0,2,1,0,1,1,2,2,1,0,0,1,1,0,2,2,1,0,0,1,2,1,2,2,0,1,0,0,2,1,1,1,1,0,1,1,1,0,0,2,2,0,0,1,0,1,2,2,1,1,2,1,1,1,1,2,2,0,1,1,1,0,0,2,1,1,1,0,2,1,0,0,1,1,0,2,1,1,2,2,1,0,1,2,2,0,0,1,0,1,1,2,0,1,0,2,1,2]
-35.0:[0, 2, 1, 0, 1, 1, 2, 2, 1, 0, 0, 1, 1, 0, 2, 2, 1, 0, 0, 1, 2, 1, 2, 2, 0, 1, 0, 0, 2, 1, 1, 1, 1, 0, 1, 1, 1, 0, 0, 2, 2, 0, 0, 1, 0, 1, 2, 2, 1, 1, 2, 1, 1, 1, 1, 2, 2, 0, 1, 1, 1, 0, 0, 2, 1, 1, 1, 0, 2, 1, 0, 0, 1, 1, 0, 2, 1, 1, 2, 2, 1, 0, 1, 2, 2, 0, 0, 1, 0, 1, 1, 2, 0, 1, 0, 2, 1, 2]
End Time: Seg Jul 4 17:27:11 BRT 2016 --- run in 0:10:59 ---

==> run_hypdp_cluster.sh.o198960 <==
Best: -37.0 	[1,0,1,2,1,1,0,0,1,2,2,0,1,2,1,1,2,1,0,2,2,1,0,0,1,2,0,1,0,1,0,2,1,0,2,2,1,0,1,2,2,1,0,0,1,1,1,0,0,2,1,1,0,0,2,2,1,2,1,1,2,1,1,0,1,1,1,1,0,1,0,0,2,2,0,0,2,2,1,2,1,1,0,0,2,0,0,2,2,0,1,2,0,1,0,0,2,2]
-37.0:[1, 0, 1, 2, 1, 1, 0, 0, 1, 2, 2, 0, 1, 2, 1, 1, 2, 1, 0, 2, 2, 1, 0, 0, 1, 2, 0, 1, 0, 1, 0, 2, 1, 0, 2, 2, 1, 0, 1, 2, 2, 1, 0, 0, 1, 1, 1, 0, 0, 2, 1, 1, 0, 0, 2, 2, 1, 2, 1, 1, 2, 1, 1, 0, 1, 1, 1, 1, 0, 1, 0, 0, 2, 2, 0, 0, 2, 2, 1, 2, 1, 1, 0, 0, 2, 0, 0, 2, 2, 0, 1, 2, 0, 1, 0, 0, 2, 2]
End Time: Seg Jul 4 17:27:24 BRT 2016 --- run in 0:10:57 ---

==> run_hypdp_cluster.sh.o198961 <==
Best: -37.0 	[0,0,2,1,0,0,1,1,1,1,2,1,1,1,2,1,2,2,0,0,2,0,1,1,1,2,0,0,1,1,2,0,1,0,0,2,0,1,2,1,1,2,1,2,2,0,0,1,1,2,0,0,1,1,0,0,2,2,1,1,2,2,0,0,2,1,0,1,1,0,0,1,2,2,0,0,2,2,1,2,0,1,1,0,1,0,0,2,2,1,1,1,0,0,1,2,0,0]
-37.0:[0, 0, 2, 1, 0, 0, 1, 1, 1, 1, 2, 1, 1, 1, 2, 1, 2, 2, 0, 0, 2, 0, 1, 1, 1, 2, 0, 0, 1, 1, 2, 0, 1, 0, 0, 2, 0, 1, 2, 1, 1, 2, 1, 2, 2, 0, 0, 1, 1, 2, 0, 0, 1, 1, 0, 0, 2, 2, 1, 1, 2, 2, 0, 0, 2, 1, 0, 1, 1, 0, 0, 1, 2, 2, 0, 0, 2, 2, 1, 2, 0, 1, 1, 0, 1, 0, 0, 2, 2, 1, 1, 1, 0, 0, 1, 2, 0, 0]
End Time: Seg Jul 4 17:27:53 BRT 2016 --- run in 0:10:56 ---

==> run_hypdp_cluster.sh.o198962 <==
Best: -36.0 	[1,1,1,1,1,2,0,0,2,1,0,0,2,1,1,1,0,1,1,2,1,1,0,0,1,2,2,1,1,2,0,0,2,1,1,2,1,2,2,0,0,1,2,2,0,0,2,0,0,2,2,1,2,1,0,0,1,1,1,2,2,0,0,2,0,1,2,0,1,0,0,2,1,0,0,2,2,1,2,1,0,1,1,0,0,1,2,2,1,1,0,1,0,0,2,2,0,0]
-36.0:[1, 1, 1, 1, 1, 2, 0, 0, 2, 1, 0, 0, 2, 1, 1, 1, 0, 1, 1, 2, 1, 1, 0, 0, 1, 2, 2, 1, 1, 2, 0, 0, 2, 1, 1, 2, 1, 2, 2, 0, 0, 1, 2, 2, 0, 0, 2, 0, 0, 2, 2, 1, 2, 1, 0, 0, 1, 1, 1, 2, 2, 0, 0, 2, 0, 1, 2, 0, 1, 0, 0, 2, 1, 0, 0, 2, 2, 1, 2, 1, 0, 1, 1, 0, 0, 1, 2, 2, 1, 1, 0, 1, 0, 0, 2, 2, 0, 0]
End Time: Seg Jul 4 17:34:53 BRT 2016 --- run in 0:17:41 ---

==> run_hypdp_cluster.sh.o198963 <==
Best: -37.0 	[0,1,2,2,0,2,0,0,1,1,2,2,0,1,2,2,1,0,0,1,1,0,1,2,2,1,1,1,2,2,0,0,1,0,2,2,1,2,0,1,2,2,1,0,0,1,1,0,1,1,0,1,2,2,1,1,2,1,1,1,0,0,1,1,2,0,1,1,1,1,0,1,0,0,2,1,2,2,0,0,2,1,2,2,0,2,0,0,1,0,2,2,1,2,1,0,2,2]
-37.0:[0, 1, 2, 2, 0, 2, 0, 0, 1, 1, 2, 2, 0, 1, 2, 2, 1, 0, 0, 1, 1, 0, 1, 2, 2, 1, 1, 1, 2, 2, 0, 0, 1, 0, 2, 2, 1, 2, 0, 1, 2, 2, 1, 0, 0, 1, 1, 0, 1, 1, 0, 1, 2, 2, 1, 1, 2, 1, 1, 1, 0, 0, 1, 1, 2, 0, 1, 1, 1, 1, 0, 1, 0, 0, 2, 1, 2, 2, 0, 0, 2, 1, 2, 2, 0, 2, 0, 0, 1, 0, 2, 2, 1, 2, 1, 0, 2, 2]
End Time: Seg Jul 4 17:28:13 BRT 2016 --- run in 0:11:1 ---

==> run_hypdp_cluster.sh.o198964 <==
Best: -35.0 	[2,2,1,1,0,2,0,0,2,1,2,2,0,1,2,2,0,0,2,2,0,0,1,0,2,1,0,1,1,0,0,1,2,2,1,1,2,0,1,1,2,1,0,0,1,2,1,0,1,0,0,2,2,1,0,1,0,0,2,2,1,2,0,2,2,0,2,1,0,1,2,2,1,0,2,0,0,2,2,1,1,0,1,0,0,2,1,1,1,1,2,2,0,2,1,1,2,2]
-35.0:[2, 2, 1, 1, 0, 2, 0, 0, 2, 1, 2, 2, 0, 1, 2, 2, 0, 0, 2, 2, 0, 0, 1, 0, 2, 1, 0, 1, 1, 0, 0, 1, 2, 2, 1, 1, 2, 0, 1, 1, 2, 1, 0, 0, 1, 2, 1, 0, 1, 0, 0, 2, 2, 1, 0, 1, 0, 0, 2, 2, 1, 2, 0, 2, 2, 0, 2, 1, 0, 1, 2, 2, 1, 0, 2, 0, 0, 2, 2, 1, 1, 0, 1, 0, 0, 2, 1, 1, 1, 1, 2, 2, 0, 2, 1, 1, 2, 2]
End Time: Seg Jul 4 17:28:36 BRT 2016 --- run in 0:11:9 ---

==> run_hypdp_cluster.sh.o198965 <==
Best: -37.0 	[0,1,0,1,1,0,2,1,1,1,1,2,1,2,2,0,0,2,2,0,0,2,1,1,1,0,1,1,1,1,0,0,1,1,1,2,1,2,2,0,1,0,0,2,1,0,0,2,2,1,2,1,1,2,1,0,1,2,2,0,0,2,1,1,1,0,1,0,0,2,2,1,1,0,0,1,1,2,2,1,0,0,1,2,1,0,1,2,1,1,1,0,0,2,1,1,0,0]
-37.0:[0, 1, 0, 1, 1, 0, 2, 1, 1, 1, 1, 2, 1, 2, 2, 0, 0, 2, 2, 0, 0, 2, 1, 1, 1, 0, 1, 1, 1, 1, 0, 0, 1, 1, 1, 2, 1, 2, 2, 0, 1, 0, 0, 2, 1, 0, 0, 2, 2, 1, 2, 1, 1, 2, 1, 0, 1, 2, 2, 0, 0, 2, 1, 1, 1, 0, 1, 0, 0, 2, 2, 1, 1, 0, 0, 1, 1, 2, 2, 1, 0, 0, 1, 2, 1, 0, 1, 2, 1, 1, 1, 0, 0, 2, 1, 1, 0, 0]
End Time: Seg Jul 4 17:28:21 BRT 2016 --- run in 0:10:54 ---

==> run_hypdp_cluster.sh.o198966 <==
Best: -34.0 	[1,1,0,0,2,2,1,2,1,0,1,1,0,0,1,2,1,0,1,1,1,2,2,1,1,0,0,1,1,2,1,1,0,0,2,1,1,0,0,1,1,2,1,1,1,0,2,2,1,0,1,0,1,2,0,2,2,1,2,0,1,1,1,1,2,1,1,1,0,2,2,0,1,2,1,1,1,2,1,1,2,2,1,0,1,0,0,2,2,0,1,1,0,1,0,0,2,2]
-34.0:[1, 1, 0, 0, 2, 2, 1, 2, 1, 0, 1, 1, 0, 0, 1, 2, 1, 0, 1, 1, 1, 2, 2, 1, 1, 0, 0, 1, 1, 2, 1, 1, 0, 0, 2, 1, 1, 0, 0, 1, 1, 2, 1, 1, 1, 0, 2, 2, 1, 0, 1, 0, 1, 2, 0, 2, 2, 1, 2, 0, 1, 1, 1, 1, 2, 1, 1, 1, 0, 2, 2, 0, 1, 2, 1, 1, 1, 2, 1, 1, 2, 2, 1, 0, 1, 0, 0, 2, 2, 0, 1, 1, 0, 1, 0, 0, 2, 2]
End Time: Seg Jul 4 17:28:44 BRT 2016 --- run in 0:11:2 ---

==> run_hypdp_cluster.sh.o198967 <==
Best: -39.0 	[2,0,0,2,1,1,2,2,1,0,1,0,1,1,1,1,1,2,2,0,2,2,0,0,1,0,2,0,0,2,0,2,1,0,0,2,2,1,0,0,1,1,1,2,1,1,2,1,2,2,0,0,1,0,1,1,0,2,0,0,2,2,1,1,0,2,1,1,0,0,1,1,1,0,2,2,0,0,2,1,1,1,2,2,1,1,0,1,1,1,2,1,2,2,0,0,2,2]
-39.0:[2, 0, 0, 2, 1, 1, 2, 2, 1, 0, 1, 0, 1, 1, 1, 1, 1, 2, 2, 0, 2, 2, 0, 0, 1, 0, 2, 0, 0, 2, 0, 2, 1, 0, 0, 2, 2, 1, 0, 0, 1, 1, 1, 2, 1, 1, 2, 1, 2, 2, 0, 0, 1, 0, 1, 1, 0, 2, 0, 0, 2, 2, 1, 1, 0, 2, 1, 1, 0, 0, 1, 1, 1, 0, 2, 2, 0, 0, 2, 1, 1, 1, 2, 2, 1, 1, 0, 1, 1, 1, 2, 1, 2, 2, 0, 0, 2, 2]
End Time: Seg Jul 4 17:29:00 BRT 2016 --- run in 0:11:3 ---

==> run_hypdp_cluster.sh.o198968 <==
Best: -37.0 	[1,2,0,1,1,0,2,2,1,1,1,2,0,1,1,1,2,0,0,1,2,2,0,0,1,1,0,2,0,1,0,1,1,2,1,1,2,2,1,0,1,1,0,1,1,0,0,1,2,2,1,1,0,2,1,1,2,1,2,2,0,0,2,0,0,1,2,0,2,0,0,1,1,2,0,0,2,2,1,2,0,1,0,0,2,0,1,1,2,1,1,2,2,1,0,1,0,0]
-37.0:[1, 2, 0, 1, 1, 0, 2, 2, 1, 1, 1, 2, 0, 1, 1, 1, 2, 0, 0, 1, 2, 2, 0, 0, 1, 1, 0, 2, 0, 1, 0, 1, 1, 2, 1, 1, 2, 2, 1, 0, 1, 1, 0, 1, 1, 0, 0, 1, 2, 2, 1, 1, 0, 2, 1, 1, 2, 1, 2, 2, 0, 0, 2, 0, 0, 1, 2, 0, 2, 0, 0, 1, 1, 2, 0, 0, 2, 2, 1, 2, 0, 1, 0, 0, 2, 0, 1, 1, 2, 1, 1, 2, 2, 1, 0, 1, 0, 0]
End Time: Seg Jul 4 17:29:40 BRT 2016 --- run in 0:11:13 ---

==> run_hypdp_cluster.sh.o198969 <==
Best: -35.0 	[0,0,1,0,1,2,0,0,1,1,2,0,2,2,0,1,1,1,2,2,0,0,1,1,2,1,2,1,2,0,0,1,2,2,1,1,1,0,0,2,2,0,0,1,1,1,2,2,0,0,1,2,0,0,1,1,0,2,0,1,1,2,2,1,1,1,1,1,1,2,0,2,1,1,1,1,1,2,2,1,1,1,0,0,1,1,1,1,2,2,1,0,0,2,2,0,2,0]
-35.0:[0, 0, 1, 0, 1, 2, 0, 0, 1, 1, 2, 0, 2, 2, 0, 1, 1, 1, 2, 2, 0, 0, 1, 1, 2, 1, 2, 1, 2, 0, 0, 1, 2, 2, 1, 1, 1, 0, 0, 2, 2, 0, 0, 1, 1, 1, 2, 2, 0, 0, 1, 2, 0, 0, 1, 1, 0, 2, 0, 1, 1, 2, 2, 1, 1, 1, 1, 1, 1, 2, 0, 2, 1, 1, 1, 1, 1, 2, 2, 1, 1, 1, 0, 0, 1, 1, 1, 1, 2, 2, 1, 0, 0, 2, 2, 0, 2, 0]
End Time: Seg Jul 4 17:30:12 BRT 2016 --- run in 0:11:15 ---

==> run_hypdp_cluster.sh.o198970 <==
Best: -35.0 	[1,1,1,1,1,2,0,2,0,1,0,1,1,0,0,2,2,1,1,0,2,2,1,2,1,0,1,0,2,0,1,1,0,0,1,2,2,0,1,2,2,1,0,2,0,0,2,0,0,1,2,2,0,0,2,0,0,2,2,0,1,1,0,2,2,1,1,1,1,2,2,0,2,1,0,0,2,2,0,1,1,0,1,1,0,0,1,2,2,1,1,2,1,1,2,1,0,0]
-35.0:[1, 1, 1, 1, 1, 2, 0, 2, 0, 1, 0, 1, 1, 0, 0, 2, 2, 1, 1, 0, 2, 2, 1, 2, 1, 0, 1, 0, 2, 0, 1, 1, 0, 0, 1, 2, 2, 0, 1, 2, 2, 1, 0, 2, 0, 0, 2, 0, 0, 1, 2, 2, 0, 0, 2, 0, 0, 2, 2, 0, 1, 1, 0, 2, 2, 1, 1, 1, 1, 2, 2, 0, 2, 1, 0, 0, 2, 2, 0, 1, 1, 0, 1, 1, 0, 0, 1, 2, 2, 1, 1, 2, 1, 1, 2, 1, 0, 0]
End Time: Seg Jul 4 17:30:21 BRT 2016 --- run in 0:11:9 ---

==> run_hypdp_cluster.sh.o198971 <==
Best: -37.0 	[1,2,0,2,1,2,0,0,1,2,1,2,1,2,0,2,1,0,1,0,0,2,1,0,2,1,2,1,1,1,1,2,1,2,2,0,0,2,0,0,1,1,2,1,2,2,0,0,1,2,1,1,0,0,1,1,1,0,2,2,0,1,1,0,1,2,2,1,1,0,1,2,2,1,1,2,0,1,0,0,2,2,0,0,1,2,2,1,1,1,2,1,1,2,0,0,1,1]
-37.0:[1, 2, 0, 2, 1, 2, 0, 0, 1, 2, 1, 2, 1, 2, 0, 2, 1, 0, 1, 0, 0, 2, 1, 0, 2, 1, 2, 1, 1, 1, 1, 2, 1, 2, 2, 0, 0, 2, 0, 0, 1, 1, 2, 1, 2, 2, 0, 0, 1, 2, 1, 1, 0, 0, 1, 1, 1, 0, 2, 2, 0, 1, 1, 0, 1, 2, 2, 1, 1, 0, 1, 2, 2, 1, 1, 2, 0, 1, 0, 0, 2, 2, 0, 0, 1, 2, 2, 1, 1, 1, 2, 1, 1, 2, 0, 0, 1, 1]
End Time: Seg Jul 4 17:31:14 BRT 2016 --- run in 0:11:17 ---

==> run_hypdp_cluster.sh.o198972 <==
Best: -43.0 	[0,0,2,1,0,1,1,1,0,1,2,2,1,1,2,1,1,0,1,0,0,2,1,1,0,1,1,2,2,1,1,1,1,1,1,1,2,2,1,1,1,0,1,0,0,2,1,1,1,1,2,1,2,2,0,0,2,2,0,0,2,0,0,1,2,1,0,1,1,0,0,2,2,1,0,2,0,0,2,2,1,2,0,0,1,0,1,1,2,1,0,2,0,0,1,0,2,2]
-43.0:[0, 0, 2, 1, 0, 1, 1, 1, 0, 1, 2, 2, 1, 1, 2, 1, 1, 0, 1, 0, 0, 2, 1, 1, 0, 1, 1, 2, 2, 1, 1, 1, 1, 1, 1, 1, 2, 2, 1, 1, 1, 0, 1, 0, 0, 2, 1, 1, 1, 1, 2, 1, 2, 2, 0, 0, 2, 2, 0, 0, 2, 0, 0, 1, 2, 1, 0, 1, 1, 0, 0, 2, 2, 1, 0, 2, 0, 0, 2, 2, 1, 2, 0, 0, 1, 0, 1, 1, 2, 1, 0, 2, 0, 0, 1, 0, 2, 2]
End Time: Seg Jul 4 17:31:48 BRT 2016 --- run in 0:11:21 ---

==> run_hypdp_cluster.sh.o198973 <==
Best: -36.0 	[1,1,1,1,1,1,0,0,1,2,1,2,1,1,1,0,2,2,1,2,1,0,1,1,2,1,1,0,0,1,1,1,2,2,1,0,0,1,2,1,1,2,1,2,2,0,0,1,1,1,0,1,1,0,0,1,2,2,1,1,0,0,2,2,1,1,1,0,0,1,2,1,0,1,1,0,2,2,1,2,0,1,0,0,2,0,1,1,2,2,0,1,1,0,2,0,2,2]
-36.0:[1, 1, 1, 1, 1, 1, 0, 0, 1, 2, 1, 2, 1, 1, 1, 0, 2, 2, 1, 2, 1, 0, 1, 1, 2, 1, 1, 0, 0, 1, 1, 1, 2, 2, 1, 0, 0, 1, 2, 1, 1, 2, 1, 2, 2, 0, 0, 1, 1, 1, 0, 1, 1, 0, 0, 1, 2, 2, 1, 1, 0, 0, 2, 2, 1, 1, 1, 0, 0, 1, 2, 1, 0, 1, 1, 0, 2, 2, 1, 2, 0, 1, 0, 0, 2, 0, 1, 1, 2, 2, 0, 1, 1, 0, 2, 0, 2, 2]
End Time: Seg Jul 4 17:32:20 BRT 2016 --- run in 0:11:23 ---

==> run_hypdp_cluster.sh.o198974 <==
Best: -40.0 	[1,1,1,2,0,1,2,2,1,0,1,1,0,0,1,2,2,0,0,1,1,2,0,0,2,0,2,2,1,2,0,1,2,2,0,0,2,2,1,0,1,1,1,0,1,1,1,2,2,1,1,1,0,0,1,1,1,1,1,0,0,2,2,1,1,1,1,0,1,0,0,2,1,2,0,0,2,2,0,0,2,2,0,0,2,2,1,2,1,0,1,1,2,2,1,0,2,2]
-40.0:[1, 1, 1, 2, 0, 1, 2, 2, 1, 0, 1, 1, 0, 0, 1, 2, 2, 0, 0, 1, 1, 2, 0, 0, 2, 0, 2, 2, 1, 2, 0, 1, 2, 2, 0, 0, 2, 2, 1, 0, 1, 1, 1, 0, 1, 1, 1, 2, 2, 1, 1, 1, 0, 0, 1, 1, 1, 1, 1, 0, 0, 2, 2, 1, 1, 1, 1, 0, 1, 0, 0, 2, 1, 2, 0, 0, 2, 2, 0, 0, 2, 2, 0, 0, 2, 2, 1, 2, 1, 0, 1, 1, 2, 2, 1, 0, 2, 2]
End Time: Seg Jul 4 17:32:52 BRT 2016 --- run in 0:11:10 ---

==> run_hypdp_cluster.sh.o198975 <==
Best: -38.0 	[0,1,0,0,2,1,2,2,0,0,2,0,1,1,0,1,1,1,1,0,2,1,1,2,1,0,2,1,2,1,1,0,2,2,0,1,2,2,1,1,1,0,1,0,0,2,1,1,1,0,1,2,2,1,0,1,0,0,2,2,1,2,1,0,1,1,0,0,1,2,2,1,0,0,1,1,1,2,0,0,2,1,2,2,0,2,1,0,0,1,2,2,1,1,2,1,1,0]
-38.0:[0, 1, 0, 0, 2, 1, 2, 2, 0, 0, 2, 0, 1, 1, 0, 1, 1, 1, 1, 0, 2, 1, 1, 2, 1, 0, 2, 1, 2, 1, 1, 0, 2, 2, 0, 1, 2, 2, 1, 1, 1, 0, 1, 0, 0, 2, 1, 1, 1, 0, 1, 2, 2, 1, 0, 1, 0, 0, 2, 2, 1, 2, 1, 0, 1, 1, 0, 0, 1, 2, 2, 1, 0, 0, 1, 1, 1, 2, 0, 0, 2, 1, 2, 2, 0, 2, 1, 0, 0, 1, 2, 2, 1, 1, 2, 1, 1, 0]
End Time: Seg Jul 4 17:34:59 BRT 2016 --- run in 0:13:2 ---

==> run_hypdp_cluster.sh.o198976 <==
Best: -38.0 	[1,0,0,1,2,2,1,1,2,1,0,0,1,1,1,0,0,2,1,1,2,1,2,2,0,0,2,0,1,1,0,1,1,0,0,2,2,1,2,0,0,2,0,1,0,0,2,2,1,2,0,0,2,2,1,2,1,0,2,1,1,1,0,2,1,1,0,1,0,1,0,2,2,0,0,1,2,2,1,1,0,2,0,0,1,0,2,1,2,2,0,2,0,0,1,0,2,2]
-38.0:[1, 0, 0, 1, 2, 2, 1, 1, 2, 1, 0, 0, 1, 1, 1, 0, 0, 2, 1, 1, 2, 1, 2, 2, 0, 0, 2, 0, 1, 1, 0, 1, 1, 0, 0, 2, 2, 1, 2, 0, 0, 2, 0, 1, 0, 0, 2, 2, 1, 2, 0, 0, 2, 2, 1, 2, 1, 0, 2, 1, 1, 1, 0, 2, 1, 1, 0, 1, 0, 1, 0, 2, 2, 0, 0, 1, 2, 2, 1, 1, 0, 2, 0, 0, 1, 0, 2, 1, 2, 2, 0, 2, 0, 0, 1, 0, 2, 2]
End Time: Seg Jul 4 17:38:21 BRT 2016 --- run in 0:10:54 ---

==> run_hypdp_cluster.sh.o198977 <==
Best: -37.0 	[0,2,2,1,1,1,0,0,2,1,2,1,1,2,1,2,0,0,2,1,1,1,0,0,1,2,0,0,2,1,2,2,0,0,1,1,0,0,2,2,1,1,1,1,1,1,2,1,2,2,0,0,1,2,0,2,2,1,2,0,0,1,0,1,1,1,1,1,1,0,1,0,1,1,2,1,0,1,2,2,1,1,0,0,2,0,0,2,2,1,0,1,1,0,0,1,2,2]
-37.0:[0, 2, 2, 1, 1, 1, 0, 0, 2, 1, 2, 1, 1, 2, 1, 2, 0, 0, 2, 1, 1, 1, 0, 0, 1, 2, 0, 0, 2, 1, 2, 2, 0, 0, 1, 1, 0, 0, 2, 2, 1, 1, 1, 1, 1, 1, 2, 1, 2, 2, 0, 0, 1, 2, 0, 2, 2, 1, 2, 0, 0, 1, 0, 1, 1, 1, 1, 1, 1, 0, 1, 0, 1, 1, 2, 1, 0, 1, 2, 2, 1, 1, 0, 0, 2, 0, 0, 2, 2, 1, 0, 1, 1, 0, 0, 1, 2, 2]
End Time: Seg Jul 4 17:38:21 BRT 2016 --- run in 0:10:54 ---

==> run_hypdp_cluster.sh.o198978 <==
Best: -36.0 	[0,0,1,1,0,0,2,2,1,0,1,1,0,0,1,2,1,2,2,0,0,1,2,2,0,1,1,0,1,1,2,1,0,1,1,0,2,0,0,1,0,2,2,1,1,2,0,0,1,0,1,2,1,2,2,0,1,2,0,2,2,0,0,1,1,1,1,2,2,0,2,0,2,2,1,0,1,1,0,0,1,2,2,1,1,2,1,0,0,1,1,1,2,2,1,0,1,2]
-36.0:[0, 0, 1, 1, 0, 0, 2, 2, 1, 0, 1, 1, 0, 0, 1, 2, 1, 2, 2, 0, 0, 1, 2, 2, 0, 1, 1, 0, 1, 1, 2, 1, 0, 1, 1, 0, 2, 0, 0, 1, 0, 2, 2, 1, 1, 2, 0, 0, 1, 0, 1, 2, 1, 2, 2, 0, 1, 2, 0, 2, 2, 0, 0, 1, 1, 1, 1, 2, 2, 0, 2, 0, 2, 2, 1, 0, 1, 1, 0, 0, 1, 2, 2, 1, 1, 2, 1, 0, 0, 1, 1, 1, 2, 2, 1, 0, 1, 2]
End Time: Seg Jul 4 17:38:51 BRT 2016 --- run in 0:10:54 ---

==> run_hypdp_cluster.sh.o198979 <==
Best: -35.0 	[1,1,0,1,2,1,0,0,1,1,2,2,1,1,1,2,1,1,1,1,1,1,1,0,0,2,2,0,0,1,1,1,2,2,0,0,1,0,2,0,1,0,1,1,1,2,2,1,1,1,1,2,1,0,0,1,2,1,0,0,2,2,1,2,0,1,2,2,0,1,1,1,2,2,0,2,1,0,0,1,2,1,0,0,2,0,0,2,2,0,2,1,2,2,0,0,2,2]
-35.0:[1, 1, 0, 1, 2, 1, 0, 0, 1, 1, 2, 2, 1, 1, 1, 2, 1, 1, 1, 1, 1, 1, 1, 0, 0, 2, 2, 0, 0, 1, 1, 1, 2, 2, 0, 0, 1, 0, 2, 0, 1, 0, 1, 1, 1, 2, 2, 1, 1, 1, 1, 2, 1, 0, 0, 1, 2, 1, 0, 0, 2, 2, 1, 2, 0, 1, 2, 2, 0, 1, 1, 1, 2, 2, 0, 2, 1, 0, 0, 1, 2, 1, 0, 0, 2, 0, 0, 2, 2, 0, 2, 1, 2, 2, 0, 0, 2, 2]
End Time: Seg Jul 4 17:39:28 BRT 2016 --- run in 0:11:1 ---

==> run_hypdp_cluster.sh.o198980 <==
Best: -38.0 	[0,0,1,2,0,0,1,1,1,2,2,0,2,2,0,1,0,2,2,0,2,2,0,0,1,1,1,0,1,1,0,0,2,2,0,2,2,1,1,1,1,1,0,1,0,0,2,2,1,2,0,0,1,0,2,1,1,0,0,1,1,2,2,1,1,1,0,2,2,1,0,1,2,2,1,1,0,1,2,2,0,1,0,0,2,0,1,1,1,2,0,0,1,1,0,0,2,2]
-38.0:[0, 0, 1, 2, 0, 0, 1, 1, 1, 2, 2, 0, 2, 2, 0, 1, 0, 2, 2, 0, 2, 2, 0, 0, 1, 1, 1, 0, 1, 1, 0, 0, 2, 2, 0, 2, 2, 1, 1, 1, 1, 1, 0, 1, 0, 0, 2, 2, 1, 2, 0, 0, 1, 0, 2, 1, 1, 0, 0, 1, 1, 2, 2, 1, 1, 1, 0, 2, 2, 1, 0, 1, 2, 2, 1, 1, 0, 1, 2, 2, 0, 1, 0, 0, 2, 0, 1, 1, 1, 2, 0, 0, 1, 1, 0, 0, 2, 2]
End Time: Seg Jul 4 18:29:20 BRT 2016 --- run in 1:0:53 ---

==> run_hypdp_cluster.sh.o198981 <==
Best: -36.0 	[1,0,1,1,1,1,2,2,0,1,0,1,0,1,1,1,1,2,2,1,1,1,1,1,1,0,1,1,2,0,1,0,1,0,2,2,0,0,2,1,0,2,0,0,1,0,2,1,1,2,1,2,2,0,0,2,1,1,1,2,1,0,0,1,1,2,0,2,1,2,2,0,2,0,1,1,2,1,0,0,1,2,2,1,1,2,0,0,1,0,2,1,2,1,2,1,1,1]
-36.0:[1, 0, 1, 1, 1, 1, 2, 2, 0, 1, 0, 1, 0, 1, 1, 1, 1, 2, 2, 1, 1, 1, 1, 1, 1, 0, 1, 1, 2, 0, 1, 0, 1, 0, 2, 2, 0, 0, 2, 1, 0, 2, 0, 0, 1, 0, 2, 1, 1, 2, 1, 2, 2, 0, 0, 2, 1, 1, 1, 2, 1, 0, 0, 1, 1, 2, 0, 2, 1, 2, 2, 0, 2, 0, 1, 1, 2, 1, 0, 0, 1, 2, 2, 1, 1, 2, 0, 0, 1, 0, 2, 1, 2, 1, 2, 1, 1, 1]
End Time: Seg Jul 4 17:39:52 BRT 2016 --- run in 0:11:10 ---

==> run_hypdp_cluster.sh.o198982 <==
Best: -34.0 	[2,2,1,1,0,2,0,0,1,1,1,2,1,0,2,1,2,0,1,1,2,2,0,0,2,2,0,2,2,1,1,0,1,1,0,2,0,0,1,0,2,2,1,2,1,1,0,1,0,0,2,2,1,2,1,0,2,2,1,1,0,0,1,1,1,1,0,0,2,1,1,1,0,1,1,1,2,2,1,0,0,1,2,2,1,1,2,1,0,1,0,1,1,1,1,1,0,0]
-34.0:[2, 2, 1, 1, 0, 2, 0, 0, 1, 1, 1, 2, 1, 0, 2, 1, 2, 0, 1, 1, 2, 2, 0, 0, 2, 2, 0, 2, 2, 1, 1, 0, 1, 1, 0, 2, 0, 0, 1, 0, 2, 2, 1, 2, 1, 1, 0, 1, 0, 0, 2, 2, 1, 2, 1, 0, 2, 2, 1, 1, 0, 0, 1, 1, 1, 1, 0, 0, 2, 1, 1, 1, 0, 1, 1, 1, 2, 2, 1, 0, 0, 1, 2, 2, 1, 1, 2, 1, 0, 1, 0, 1, 1, 1, 1, 1, 0, 0]
End Time: Seg Jul 4 17:40:01 BRT 2016 --- run in 0:11:4 ---

==> run_hypdp_cluster.sh.o198983 <==
Best: -39.0 	[0,0,2,2,1,2,1,0,2,1,1,1,0,1,2,1,0,0,1,2,2,1,1,1,0,1,0,2,0,0,1,2,1,2,2,0,0,1,0,1,2,2,0,0,1,1,0,0,2,2,1,1,2,2,0,0,2,1,0,2,2,0,0,2,2,0,2,1,1,2,1,1,2,2,0,0,1,1,0,1,1,0,2,2,0,2,1,0,1,1,1,2,1,2,1,2,0,0]
-39.0:[0, 0, 2, 2, 1, 2, 1, 0, 2, 1, 1, 1, 0, 1, 2, 1, 0, 0, 1, 2, 2, 1, 1, 1, 0, 1, 0, 2, 0, 0, 1, 2, 1, 2, 2, 0, 0, 1, 0, 1, 2, 2, 0, 0, 1, 1, 0, 0, 2, 2, 1, 1, 2, 2, 0, 0, 2, 1, 0, 2, 2, 0, 0, 2, 2, 0, 2, 1, 1, 2, 1, 1, 2, 2, 0, 0, 1, 1, 0, 1, 1, 0, 2, 2, 0, 2, 1, 0, 1, 1, 1, 2, 1, 2, 1, 2, 0, 0]
End Time: Seg Jul 4 17:40:30 BRT 2016 --- run in 0:11:18 ---

==> run_hypdp_cluster.sh.o198984 <==
Best: -34.0 	[0,0,2,1,1,0,1,0,1,2,2,1,1,2,0,1,2,2,1,0,1,2,0,0,2,0,1,0,1,0,2,2,1,1,0,0,2,2,1,1,0,1,2,2,0,1,2,1,1,0,1,2,2,1,1,2,1,1,0,0,2,1,0,0,2,1,1,1,1,0,1,0,0,2,2,0,2,1,2,2,0,0,1,0,1,2,0,1,1,0,1,2,2,0,0,2,0,1]
-34.0:[0, 0, 2, 1, 1, 0, 1, 0, 1, 2, 2, 1, 1, 2, 0, 1, 2, 2, 1, 0, 1, 2, 0, 0, 2, 0, 1, 0, 1, 0, 2, 2, 1, 1, 0, 0, 2, 2, 1, 1, 0, 1, 2, 2, 0, 1, 2, 1, 1, 0, 1, 2, 2, 1, 1, 2, 1, 1, 0, 0, 2, 1, 0, 0, 2, 1, 1, 1, 1, 0, 1, 0, 0, 2, 2, 0, 2, 1, 2, 2, 0, 0, 1, 0, 1, 2, 0, 1, 1, 0, 1, 2, 2, 0, 0, 2, 0, 1]
End Time: Seg Jul 4 17:40:52 BRT 2016 --- run in 0:11:10 ---

==> run_hypdp_cluster.sh.o198985 <==
Best: -38.0 	[1,2,2,0,1,0,2,2,0,0,2,2,1,2,1,0,1,0,0,2,2,0,1,1,1,2,1,1,2,1,0,1,2,2,1,1,1,0,0,2,2,0,1,1,0,0,1,2,2,1,1,2,0,0,1,0,1,1,1,1,0,2,2,1,1,0,2,2,1,1,1,2,2,1,0,0,1,1,1,1,1,1,1,2,2,1,0,1,1,1,1,2,2,1,0,0,2,1]
-38.0:[1, 2, 2, 0, 1, 0, 2, 2, 0, 0, 2, 2, 1, 2, 1, 0, 1, 0, 0, 2, 2, 0, 1, 1, 1, 2, 1, 1, 2, 1, 0, 1, 2, 2, 1, 1, 1, 0, 0, 2, 2, 0, 1, 1, 0, 0, 1, 2, 2, 1, 1, 2, 0, 0, 1, 0, 1, 1, 1, 1, 0, 2, 2, 1, 1, 0, 2, 2, 1, 1, 1, 2, 2, 1, 0, 0, 1, 1, 1, 1, 1, 1, 1, 2, 2, 1, 0, 1, 1, 1, 1, 2, 2, 1, 0, 0, 2, 1]
End Time: Seg Jul 4 17:42:20 BRT 2016 --- run in 0:11:53 ---

==> run_hypdp_cluster.sh.o198986 <==
Best: -37.0 	[2,2,1,2,0,0,2,1,0,1,2,2,1,1,0,0,2,2,0,2,1,0,2,1,1,1,1,2,2,1,0,0,1,2,2,1,1,2,1,0,0,2,1,0,0,1,2,2,1,0,2,0,0,1,0,2,1,0,2,1,1,1,0,1,2,1,2,2,0,1,1,1,1,2,2,0,1,2,2,0,0,1,0,1,1,0,1,2,1,2,1,2,0,2,1,0,2,2]
-37.0:[2, 2, 1, 2, 0, 0, 2, 1, 0, 1, 2, 2, 1, 1, 0, 0, 2, 2, 0, 2, 1, 0, 2, 1, 1, 1, 1, 2, 2, 1, 0, 0, 1, 2, 2, 1, 1, 2, 1, 0, 0, 2, 1, 0, 0, 1, 2, 2, 1, 0, 2, 0, 0, 1, 0, 2, 1, 0, 2, 1, 1, 1, 0, 1, 2, 1, 2, 2, 0, 1, 1, 1, 1, 2, 2, 0, 1, 2, 2, 0, 0, 1, 0, 1, 1, 0, 1, 2, 1, 2, 1, 2, 0, 2, 1, 0, 2, 2]
End Time: Seg Jul 4 17:41:32 BRT 2016 --- run in 0:11:5 ---

==> run_hypdp_cluster.sh.o198987 <==
Best: -38.0 	[0,1,0,2,2,1,0,1,1,1,1,0,0,1,1,1,2,1,2,2,0,0,2,2,0,1,0,0,2,1,1,1,0,0,1,1,2,1,1,1,2,0,2,2,1,2,0,0,1,0,2,2,0,0,1,1,0,0,2,2,1,2,1,0,1,2,2,1,0,2,1,0,1,2,0,1,2,0,1,2,2,0,2,2,0,2,0,1,1,2,0,0,1,2,1,1,1,1]
-38.0:[0, 1, 0, 2, 2, 1, 0, 1, 1, 1, 1, 0, 0, 1, 1, 1, 2, 1, 2, 2, 0, 0, 2, 2, 0, 1, 0, 0, 2, 1, 1, 1, 0, 0, 1, 1, 2, 1, 1, 1, 2, 0, 2, 2, 1, 2, 0, 0, 1, 0, 2, 2, 0, 0, 1, 1, 0, 0, 2, 2, 1, 2, 1, 0, 1, 2, 2, 1, 0, 2, 1, 0, 1, 2, 0, 1, 2, 0, 1, 2, 2, 0, 2, 2, 0, 2, 0, 1, 1, 2, 0, 0, 1, 2, 1, 1, 1, 1]
End Time: Seg Jul 4 17:42:34 BRT 2016 --- run in 0:11:7 ---

==> run_hypdp_cluster.sh.o198988 <==
Best: -32.0 	[1,2,2,1,1,2,0,1,1,2,1,1,2,1,2,2,0,0,1,1,1,1,0,0,2,1,2,2,0,2,1,1,0,0,1,1,2,2,1,1,1,0,0,1,2,0,0,2,2,1,1,1,0,0,1,2,0,0,2,1,2,2,0,1,0,2,2,0,1,0,0,2,0,1,2,2,0,0,2,2,0,1,0,1,0,1,1,1,2,2,1,1,1,0,1,1,0,0]
-32.0:[1, 2, 2, 1, 1, 2, 0, 1, 1, 2, 1, 1, 2, 1, 2, 2, 0, 0, 1, 1, 1, 1, 0, 0, 2, 1, 2, 2, 0, 2, 1, 1, 0, 0, 1, 1, 2, 2, 1, 1, 1, 0, 0, 1, 2, 0, 0, 2, 2, 1, 1, 1, 0, 0, 1, 2, 0, 0, 2, 1, 2, 2, 0, 1, 0, 2, 2, 0, 1, 0, 0, 2, 0, 1, 2, 2, 0, 0, 2, 2, 0, 1, 0, 1, 0, 1, 1, 1, 2, 2, 1, 1, 1, 0, 1, 1, 0, 0]
End Time: Seg Jul 4 17:43:11 BRT 2016 --- run in 0:11:14 ---
