==> run_hypdp_cluster.sh.o199349 <==
Best: -29.0 	[1,2,2,1,0,0,2,2,1,2,1,1,1,0,0,1,1,1,1,0,1,2,2,1,0,2,0,2,2,0,2,2,1,0,0,1,2,2,1,0,0,1,1,1,2,2,1,1,1,0,0,1,2,2,1,0,0,2]
-29.0:[1, 2, 2, 1, 0, 0, 2, 2, 1, 2, 1, 1, 1, 0, 0, 1, 1, 1, 1, 0, 1, 2, 2, 1, 0, 2, 0, 2, 2, 0, 2, 2, 1, 0, 0, 1, 2, 2, 1, 0, 0, 1, 1, 1, 2, 2, 1, 1, 1, 0, 0, 1, 2, 2, 1, 0, 0, 2]
End Time: Ter Jul 5 15:32:32 BRT 2016 --- run in 0:19:45 ---

==> run_hypdp_cluster.sh.o199350 <==
Best: -30.0 	[0,0,2,1,2,2,0,0,2,0,0,1,1,1,2,2,1,0,1,1,1,0,0,1,1,2,2,1,1,1,2,1,1,2,1,1,1,1,0,1,0,0,2,2,1,2,1,1,2,0,0,2,2,1,0,0,1,1]
-30.0:[0, 0, 2, 1, 2, 2, 0, 0, 2, 0, 0, 1, 1, 1, 2, 2, 1, 0, 1, 1, 1, 0, 0, 1, 1, 2, 2, 1, 1, 1, 2, 1, 1, 2, 1, 1, 1, 1, 0, 1, 0, 0, 2, 2, 1, 2, 1, 1, 2, 0, 0, 2, 2, 1, 0, 0, 1, 1]
End Time: Ter Jul 5 15:33:15 BRT 2016 --- run in 0:19:43 ---

==> run_hypdp_cluster.sh.o199351 <==
Best: -30.0 	[2,0,2,0,2,2,1,2,0,2,0,0,2,0,0,1,2,0,1,1,2,0,1,2,1,0,2,0,2,2,1,2,0,1,2,2,0,0,1,2,0,0,2,1,0,0,1,1,2,1,0,1,2,1,1,0,0,1]
-30.0:[2, 0, 2, 0, 2, 2, 1, 2, 0, 2, 0, 0, 2, 0, 0, 1, 2, 0, 1, 1, 2, 0, 1, 2, 1, 0, 2, 0, 2, 2, 1, 2, 0, 1, 2, 2, 0, 0, 1, 2, 0, 0, 2, 1, 0, 0, 1, 1, 2, 1, 0, 1, 2, 1, 1, 0, 0, 1]
End Time: Ter Jul 5 15:25:34 BRT 2016 --- run in 0:11:6 ---

==> run_hypdp_cluster.sh.o199352 <==
Best: -31.0 	[2,1,0,2,2,1,2,1,0,1,2,2,0,0,1,0,1,1,0,1,2,2,1,1,2,0,0,1,0,1,1,1,1,1,1,2,2,1,1,1,1,0,1,1,0,0,1,2,2,0,0,2,2,0,0,2,2,1]
-31.0:[2, 1, 0, 2, 2, 1, 2, 1, 0, 1, 2, 2, 0, 0, 1, 0, 1, 1, 0, 1, 2, 2, 1, 1, 2, 0, 0, 1, 0, 1, 1, 1, 1, 1, 1, 2, 2, 1, 1, 1, 1, 0, 1, 1, 0, 0, 1, 2, 2, 0, 0, 2, 2, 0, 0, 2, 2, 1]
End Time: Ter Jul 5 15:34:03 BRT 2016 --- run in 0:19:31 ---

==> run_hypdp_cluster.sh.o199353 <==
Best: -29.0 	[2,0,0,2,2,0,2,2,1,1,0,1,1,1,0,1,0,0,2,1,2,2,0,0,2,2,0,1,1,0,0,1,2,0,2,2,1,2,0,1,1,1,2,0,0,1,0,2,0,0,2,1,2,2,0,2,1,1]
-29.0:[2, 0, 0, 2, 2, 0, 2, 2, 1, 1, 0, 1, 1, 1, 0, 1, 0, 0, 2, 1, 2, 2, 0, 0, 2, 2, 0, 1, 1, 0, 0, 1, 2, 0, 2, 2, 1, 2, 0, 1, 1, 1, 2, 0, 0, 1, 0, 2, 0, 0, 2, 1, 2, 2, 0, 2, 1, 1]
End Time: Ter Jul 5 15:26:45 BRT 2016 --- run in 0:11:2 ---

==> run_hypdp_cluster.sh.o199354 <==
Best: -31.0 	[1,1,1,1,0,0,1,1,2,2,1,1,1,1,0,0,1,1,1,1,2,2,1,1,1,0,0,2,2,0,0,1,0,1,2,2,1,1,2,0,0,1,0,2,2,1,2,1,1,1,2,1,0,0,1,1,0,2]
-31.0:[1, 1, 1, 1, 0, 0, 1, 1, 2, 2, 1, 1, 1, 1, 0, 0, 1, 1, 1, 1, 2, 2, 1, 1, 1, 0, 0, 2, 2, 0, 0, 1, 0, 1, 2, 2, 1, 1, 2, 0, 0, 1, 0, 2, 2, 1, 2, 1, 1, 1, 2, 1, 0, 0, 1, 1, 0, 2]
End Time: Ter Jul 5 15:27:37 BRT 2016 --- run in 0:11:9 ---

==> run_hypdp_cluster.sh.o199355 <==
Best: -30.0 	[1,2,1,2,0,0,1,0,1,1,2,0,1,1,2,2,1,1,0,1,0,0,2,1,1,2,1,1,1,2,1,2,2,0,1,0,0,2,1,0,0,2,2,1,2,1,1,1,1,1,0,0,2,0,0,2,2,1]
-30.0:[1, 2, 1, 2, 0, 0, 1, 0, 1, 1, 2, 0, 1, 1, 2, 2, 1, 1, 0, 1, 0, 0, 2, 1, 1, 2, 1, 1, 1, 2, 1, 2, 2, 0, 1, 0, 0, 2, 1, 0, 0, 2, 2, 1, 2, 1, 1, 1, 1, 1, 0, 0, 2, 0, 0, 2, 2, 1]
End Time: Ter Jul 5 15:27:49 BRT 2016 --- run in 0:11:6 ---

==> run_hypdp_cluster.sh.o199356 <==
Best: -31.0 	[1,0,0,1,2,2,1,0,0,1,2,2,1,1,2,1,1,1,0,1,0,0,2,2,0,1,2,1,1,1,2,1,2,2,0,1,0,0,2,2,0,0,2,0,1,1,0,0,1,2,2,1,1,0,0,2,2,1]
-31.0:[1, 0, 0, 1, 2, 2, 1, 0, 0, 1, 2, 2, 1, 1, 2, 1, 1, 1, 0, 1, 0, 0, 2, 2, 0, 1, 2, 1, 1, 1, 2, 1, 2, 2, 0, 1, 0, 0, 2, 2, 0, 0, 2, 0, 1, 1, 0, 0, 1, 2, 2, 1, 1, 0, 0, 2, 2, 1]
End Time: Ter Jul 5 15:35:39 BRT 2016 --- run in 0:18:52 ---

==> run_hypdp_cluster.sh.o199357 <==
Best: -30.0 	[1,0,1,2,2,1,0,2,2,1,0,1,1,0,1,0,0,2,2,1,0,1,1,0,2,1,1,1,2,2,1,1,0,0,2,2,0,0,2,2,0,0,2,2,1,2,1,1,1,1,0,0,2,2,0,0,2,2]
-30.0:[1, 0, 1, 2, 2, 1, 0, 2, 2, 1, 0, 1, 1, 0, 1, 0, 0, 2, 2, 1, 0, 1, 1, 0, 2, 1, 1, 1, 2, 2, 1, 1, 0, 0, 2, 2, 0, 0, 2, 2, 0, 0, 2, 2, 1, 2, 1, 1, 1, 1, 0, 0, 2, 2, 0, 0, 2, 2]
End Time: Ter Jul 5 15:29:09 BRT 2016 --- run in 0:11:11 ---

==> run_hypdp_cluster.sh.o199358 <==
Best: -31.0 	[2,2,1,2,0,0,1,0,1,1,1,0,2,2,0,2,2,0,2,2,0,0,1,0,1,1,1,2,2,1,1,1,1,2,1,1,0,1,0,0,2,1,1,1,2,2,1,1,0,2,1,1,0,0,1,1,1,0]
-31.0:[2, 2, 1, 2, 0, 0, 1, 0, 1, 1, 1, 0, 2, 2, 0, 2, 2, 0, 2, 2, 0, 0, 1, 0, 1, 1, 1, 2, 2, 1, 1, 1, 1, 2, 1, 1, 0, 1, 0, 0, 2, 1, 1, 1, 2, 2, 1, 1, 0, 2, 1, 1, 0, 0, 1, 1, 1, 0]
End Time: Ter Jul 5 15:29:04 BRT 2016 --- run in 0:10:51 ---

==> run_hypdp_cluster.sh.o199359 <==
Best: -32.0 	[2,0,0,1,2,2,0,2,2,0,2,1,1,0,0,1,1,2,2,0,0,1,2,0,1,1,0,2,0,0,1,0,2,2,0,2,1,2,2,0,0,2,1,1,0,0,1,1,1,2,2,0,1,0,0,2,2,0]
-32.0:[2, 0, 0, 1, 2, 2, 0, 2, 2, 0, 2, 1, 1, 0, 0, 1, 1, 2, 2, 0, 0, 1, 2, 0, 1, 1, 0, 2, 0, 0, 1, 0, 2, 2, 0, 2, 1, 2, 2, 0, 0, 2, 1, 1, 0, 0, 1, 1, 1, 2, 2, 0, 1, 0, 0, 2, 2, 0]
End Time: Ter Jul 5 15:29:24 BRT 2016 --- run in 0:11:11 ---

==> run_hypdp_cluster.sh.o199360 <==
Best: -31.0 	[0,0,2,1,1,2,1,2,2,0,0,2,1,0,0,1,1,1,2,2,1,1,1,0,1,1,1,0,1,1,0,1,0,0,2,2,1,2,1,1,2,1,1,1,0,0,1,1,1,1,1,1,2,0,0,2,2,0]
-31.0:[0, 0, 2, 1, 1, 2, 1, 2, 2, 0, 0, 2, 1, 0, 0, 1, 1, 1, 2, 2, 1, 1, 1, 0, 1, 1, 1, 0, 1, 1, 0, 1, 0, 0, 2, 2, 1, 2, 1, 1, 2, 1, 1, 1, 0, 0, 1, 1, 1, 1, 1, 1, 2, 0, 0, 2, 2, 0]
End Time: Ter Jul 5 15:36:16 BRT 2016 --- run in 0:18:29 ---

==> run_hypdp_cluster.sh.o199361 <==
Best: -30.0 	[2,0,0,2,2,1,2,1,0,0,1,1,2,0,1,0,1,0,1,2,1,1,2,0,0,2,2,1,1,2,2,0,1,2,0,0,1,1,0,0,2,2,0,2,1,1,2,2,1,0,0,1,2,2,1,0,2,0]
-30.0:[2, 0, 0, 2, 2, 1, 2, 1, 0, 0, 1, 1, 2, 0, 1, 0, 1, 0, 1, 2, 1, 1, 2, 0, 0, 2, 2, 1, 1, 2, 2, 0, 1, 2, 0, 0, 1, 1, 0, 0, 2, 2, 0, 2, 1, 1, 2, 2, 1, 0, 0, 1, 2, 2, 1, 0, 2, 0]
End Time: Ter Jul 5 15:31:50 BRT 2016 --- run in 0:10:52 ---

==> run_hypdp_cluster.sh.o199362 <==
Best: -30.0 	[1,2,2,1,0,1,1,1,0,0,2,2,0,0,1,0,1,2,2,1,1,1,0,2,2,0,0,1,0,1,1,0,2,2,1,2,0,0,1,0,2,2,1,0,2,2,1,2,0,0,2,2,0,2,1,0,0,2]
-30.0:[1, 2, 2, 1, 0, 1, 1, 1, 0, 0, 2, 2, 0, 0, 1, 0, 1, 2, 2, 1, 1, 1, 0, 2, 2, 0, 0, 1, 0, 1, 1, 0, 2, 2, 1, 2, 0, 0, 1, 0, 2, 2, 1, 0, 2, 2, 1, 2, 0, 0, 2, 2, 0, 2, 1, 0, 0, 2]
End Time: Ter Jul 5 15:33:25 BRT 2016 --- run in 0:10:57 ---

==> run_hypdp_cluster.sh.o199363 <==
Best: -30.0 	[0,2,1,1,0,1,2,2,0,1,0,0,2,0,1,1,2,0,0,1,0,2,2,1,1,1,1,2,1,1,2,1,2,2,0,0,1,0,1,1,0,1,2,1,2,2,0,1,2,0,0,1,1,0,0,2,2,1]
-30.0:[0, 2, 1, 1, 0, 1, 2, 2, 0, 1, 0, 0, 2, 0, 1, 1, 2, 0, 0, 1, 0, 2, 2, 1, 1, 1, 1, 2, 1, 1, 2, 1, 2, 2, 0, 0, 1, 0, 1, 1, 0, 1, 2, 1, 2, 2, 0, 1, 2, 0, 0, 1, 1, 0, 0, 2, 2, 1]
End Time: Ter Jul 5 15:33:23 BRT 2016 --- run in 0:10:55 ---

==> run_hypdp_cluster.sh.o199364 <==
Best: -31.0 	[2,1,1,1,0,1,0,0,2,1,2,2,0,1,2,1,2,0,2,0,0,1,2,2,0,1,2,0,2,2,1,2,0,0,2,1,0,1,0,0,2,1,1,1,2,2,1,1,0,0,2,2,1,2,0,1,2,0]
-31.0:[2, 1, 1, 1, 0, 1, 0, 0, 2, 1, 2, 2, 0, 1, 2, 1, 2, 0, 2, 0, 0, 1, 2, 2, 0, 1, 2, 0, 2, 2, 1, 2, 0, 0, 2, 1, 0, 1, 0, 0, 2, 1, 1, 1, 2, 2, 1, 1, 0, 0, 2, 2, 1, 2, 0, 1, 2, 0]
End Time: Ter Jul 5 15:33:50 BRT 2016 --- run in 0:11:7 ---

==> run_hypdp_cluster.sh.o199365 <==
Best: -31.0 	[1,0,1,2,2,1,1,1,0,0,2,2,0,1,1,0,0,1,2,1,1,2,2,1,0,0,1,1,1,0,1,0,2,0,1,1,2,2,1,1,1,2,0,0,2,0,0,1,1,2,2,1,0,0,1,2,2,1]
-31.0:[1, 0, 1, 2, 2, 1, 1, 1, 0, 0, 2, 2, 0, 1, 1, 0, 0, 1, 2, 1, 1, 2, 2, 1, 0, 0, 1, 1, 1, 0, 1, 0, 2, 0, 1, 1, 2, 2, 1, 1, 1, 2, 0, 0, 2, 0, 0, 1, 1, 2, 2, 1, 0, 0, 1, 2, 2, 1]
End Time: Ter Jul 5 15:34:03 BRT 2016 --- run in 0:11:5 ---

==> run_hypdp_cluster.sh.o199366 <==
Best: -32.0 	[0,1,1,1,2,2,1,1,0,0,1,1,2,2,1,1,1,1,1,2,2,1,0,0,2,0,0,2,0,1,1,0,1,1,1,2,2,1,1,1,0,1,1,1,0,1,0,0,2,1,2,2,0,0,2,1,0,2]
-32.0:[0, 1, 1, 1, 2, 2, 1, 1, 0, 0, 1, 1, 2, 2, 1, 1, 1, 1, 1, 2, 2, 1, 0, 0, 2, 0, 0, 2, 0, 1, 1, 0, 1, 1, 1, 2, 2, 1, 1, 1, 0, 1, 1, 1, 0, 1, 0, 0, 2, 1, 2, 2, 0, 0, 2, 1, 0, 2]
End Time: Ter Jul 5 15:35:03 BRT 2016 --- run in 0:10:50 ---

==> run_hypdp_cluster.sh.o199367 <==
Best: -33.0 	[1,0,1,1,2,2,1,1,0,0,1,1,1,1,2,2,1,1,1,1,0,0,1,1,1,1,2,1,1,2,1,1,2,2,1,0,0,1,1,1,1,1,1,1,2,2,1,1,0,1,0,0,2,2,1,2,1,0]
-33.0:[1, 0, 1, 1, 2, 2, 1, 1, 0, 0, 1, 1, 1, 1, 2, 2, 1, 1, 1, 1, 0, 0, 1, 1, 1, 1, 2, 1, 1, 2, 1, 1, 2, 2, 1, 0, 0, 1, 1, 1, 1, 1, 1, 1, 2, 2, 1, 1, 0, 1, 0, 0, 2, 2, 1, 2, 1, 0]
End Time: Ter Jul 5 15:35:04 BRT 2016 --- run in 0:10:51 ---

==> run_hypdp_cluster.sh.o199368 <==
Best: -30.0 	[2,1,1,0,0,1,2,2,1,0,2,2,1,0,0,1,1,0,1,1,0,2,1,0,1,2,1,2,1,2,0,2,1,0,2,1,1,1,1,0,1,1,1,0,0,2,0,0,2,2,1,1,2,0,0,2,0,2]
-30.0:[2, 1, 1, 0, 0, 1, 2, 2, 1, 0, 2, 2, 1, 0, 0, 1, 1, 0, 1, 1, 0, 2, 1, 0, 1, 2, 1, 2, 1, 2, 0, 2, 1, 0, 2, 1, 1, 1, 1, 0, 1, 1, 1, 0, 0, 2, 0, 0, 2, 2, 1, 1, 2, 0, 0, 2, 0, 2]
End Time: Ter Jul 5 15:36:46 BRT 2016 --- run in 0:11:3 ---

==> run_hypdp_cluster.sh.o199369 <==
Best: -30.0 	[1,0,2,1,0,1,1,2,2,1,0,0,1,2,0,0,1,1,1,0,1,1,2,1,0,2,2,0,1,2,2,1,0,1,2,2,1,0,0,1,1,0,1,2,1,2,2,0,1,2,0,0,1,2,1,0,0,2]
-30.0:[1, 0, 2, 1, 0, 1, 1, 2, 2, 1, 0, 0, 1, 2, 0, 0, 1, 1, 1, 0, 1, 1, 2, 1, 0, 2, 2, 0, 1, 2, 2, 1, 0, 1, 2, 2, 1, 0, 0, 1, 1, 0, 1, 2, 1, 2, 2, 0, 1, 2, 0, 0, 1, 2, 1, 0, 0, 2]
End Time: Ter Jul 5 15:37:58 BRT 2016 --- run in 0:11:0 ---

==> run_hypdp_cluster.sh.o199370 <==
Best: -30.0 	[1,1,2,2,0,1,1,1,0,0,2,2,0,1,1,0,1,0,0,2,2,0,1,2,2,1,1,1,1,0,0,1,2,0,0,2,2,1,2,0,2,0,1,1,0,0,1,2,0,2,0,2,1,2,2,0,2,0]
-30.0:[1, 1, 2, 2, 0, 1, 1, 1, 0, 0, 2, 2, 0, 1, 1, 0, 1, 0, 0, 2, 2, 0, 1, 2, 2, 1, 1, 1, 1, 0, 0, 1, 2, 0, 0, 2, 2, 1, 2, 0, 2, 0, 1, 1, 0, 0, 1, 2, 0, 2, 0, 2, 1, 2, 2, 0, 2, 0]
End Time: Ter Jul 5 15:38:40 BRT 2016 --- run in 0:10:57 ---

==> run_hypdp_cluster.sh.o199371 <==
Best: -30.0 	[0,0,1,1,2,1,1,0,0,2,2,1,2,1,1,2,1,1,0,1,0,0,2,1,1,2,1,1,1,2,2,1,1,0,0,2,1,1,1,1,1,0,1,1,0,0,1,2,1,1,1,1,2,2,0,2,2,0]
-30.0:[0, 0, 1, 1, 2, 1, 1, 0, 0, 2, 2, 1, 2, 1, 1, 2, 1, 1, 0, 1, 0, 0, 2, 1, 1, 2, 1, 1, 1, 2, 2, 1, 1, 0, 0, 2, 1, 1, 1, 1, 1, 0, 1, 1, 0, 0, 1, 2, 1, 1, 1, 1, 2, 2, 0, 2, 2, 0]
End Time: Ter Jul 5 15:39:03 BRT 2016 --- run in 0:11:5 ---

==> run_hypdp_cluster.sh.o199372 <==
Best: -30.0 	[1,1,1,0,2,1,2,2,0,0,1,1,1,2,2,1,0,2,2,0,0,2,0,0,1,2,1,2,1,2,0,2,1,1,2,0,0,1,0,2,2,0,0,1,1,1,0,0,1,2,2,1,1,2,1,0,0,2]
-30.0:[1, 1, 1, 0, 2, 1, 2, 2, 0, 0, 1, 1, 1, 2, 2, 1, 0, 2, 2, 0, 0, 2, 0, 0, 1, 2, 1, 2, 1, 2, 0, 2, 1, 1, 2, 0, 0, 1, 0, 2, 2, 0, 0, 1, 1, 1, 0, 0, 1, 2, 2, 1, 1, 2, 1, 0, 0, 2]
End Time: Ter Jul 5 15:39:55 BRT 2016 --- run in 0:10:42 ---

==> run_hypdp_cluster.sh.o199373 <==
Best: -30.0 	[2,1,0,1,0,0,2,2,1,1,2,2,0,1,2,1,1,1,0,1,0,0,2,2,1,2,1,0,1,2,2,1,1,1,1,1,2,0,0,1,0,2,2,0,0,1,0,1,2,1,1,1,2,0,0,2,2,1]
-30.0:[2, 1, 0, 1, 0, 0, 2, 2, 1, 1, 2, 2, 0, 1, 2, 1, 1, 1, 0, 1, 0, 0, 2, 2, 1, 2, 1, 0, 1, 2, 2, 1, 1, 1, 1, 1, 2, 0, 0, 1, 0, 2, 2, 0, 0, 1, 0, 1, 2, 1, 1, 1, 2, 0, 0, 2, 2, 1]
End Time: Ter Jul 5 15:40:13 BRT 2016 --- run in 0:11:0 ---

==> run_hypdp_cluster.sh.o199374 <==
Best: -30.0 	[2,1,1,1,2,2,1,1,0,1,1,1,1,0,0,1,2,0,0,2,2,1,2,1,1,0,0,2,1,0,1,1,1,2,2,1,0,0,2,0,0,2,1,1,0,0,1,2,1,0,1,1,1,2,2,1,1,1]
-30.0:[2, 1, 1, 1, 2, 2, 1, 1, 0, 1, 1, 1, 1, 0, 0, 1, 2, 0, 0, 2, 2, 1, 2, 1, 1, 0, 0, 2, 1, 0, 1, 1, 1, 2, 2, 1, 0, 0, 2, 0, 0, 2, 1, 1, 0, 0, 1, 2, 1, 0, 1, 1, 1, 2, 2, 1, 1, 1]
End Time: Ter Jul 5 15:40:21 BRT 2016 --- run in 0:10:53 ---

==> run_hypdp_cluster.sh.o199375 <==
Best: -30.0 	[2,1,0,0,2,2,0,2,2,1,1,0,1,1,0,1,2,0,0,1,0,1,2,2,1,1,2,0,0,1,0,2,2,0,1,0,0,2,2,0,1,2,1,1,2,1,2,2,0,0,1,1,1,2,1,0,0,1]
-30.0:[2, 1, 0, 0, 2, 2, 0, 2, 2, 1, 1, 0, 1, 1, 0, 1, 2, 0, 0, 1, 0, 1, 2, 2, 1, 1, 2, 0, 0, 1, 0, 2, 2, 0, 1, 0, 0, 2, 2, 0, 1, 2, 1, 1, 2, 1, 2, 2, 0, 0, 1, 1, 1, 2, 1, 0, 0, 1]
End Time: Ter Jul 5 15:43:48 BRT 2016 --- run in 0:14:16 ---

==> run_hypdp_cluster.sh.o199376 <==
Best: -30.0 	[2,1,2,1,0,0,1,2,1,1,1,1,0,2,2,1,2,1,1,1,1,0,1,1,2,0,1,0,1,0,1,1,1,2,1,1,2,2,1,0,1,1,1,0,0,2,0,0,2,2,1,1,0,0,2,2,0,2]
-30.0:[2, 1, 2, 1, 0, 0, 1, 2, 1, 1, 1, 1, 0, 2, 2, 1, 2, 1, 1, 1, 1, 0, 1, 1, 2, 0, 1, 0, 1, 0, 1, 1, 1, 2, 1, 1, 2, 2, 1, 0, 1, 1, 1, 0, 0, 2, 0, 0, 2, 2, 1, 1, 0, 0, 2, 2, 0, 2]
End Time: Ter Jul 5 15:44:39 BRT 2016 --- run in 0:13:52 ---

==> run_hypdp_cluster.sh.o199377 <==
Best: -30.0 	[1,1,0,2,1,0,0,1,1,0,2,1,1,2,1,1,2,2,1,0,0,2,0,0,2,1,2,1,1,1,2,1,2,2,0,0,1,0,1,1,0,1,1,2,1,2,2,0,1,1,2,0,1,2,1,0,2,1]
-30.0:[1, 1, 0, 2, 1, 0, 0, 1, 1, 0, 2, 1, 1, 2, 1, 1, 2, 2, 1, 0, 0, 2, 0, 0, 2, 1, 2, 1, 1, 1, 2, 1, 2, 2, 0, 0, 1, 0, 1, 1, 0, 1, 1, 2, 1, 2, 2, 0, 1, 1, 2, 0, 1, 2, 1, 0, 2, 1]
End Time: Ter Jul 5 15:42:35 BRT 2016 --- run in 0:10:37 ---

==> run_hypdp_cluster.sh.o199378 <==
Best: -31.0 	[1,1,1,1,0,1,1,0,0,1,2,1,1,2,1,2,2,0,0,1,0,2,2,0,0,1,2,2,1,1,2,0,2,2,0,0,1,0,1,2,2,1,0,1,2,2,1,1,0,1,0,0,2,1,2,2,0,2]
-31.0:[1, 1, 1, 1, 0, 1, 1, 0, 0, 1, 2, 1, 1, 2, 1, 2, 2, 0, 0, 1, 0, 2, 2, 0, 0, 1, 2, 2, 1, 1, 2, 0, 2, 2, 0, 0, 1, 0, 1, 2, 2, 1, 0, 1, 2, 2, 1, 1, 0, 1, 0, 0, 2, 1, 2, 2, 0, 2]
End Time: Ter Jul 5 15:45:34 BRT 2016 --- run in 0:13:17 ---
