==> run_hypdp_cluster.sh.o199259 <==
Best: -38.0 	[2,0,0,2,0,0,2,1,2,2,0,0,1,1,2,0,1,1,1,0,2,2,1,0,0,1,2,1,0,0,2,0,1,0,2,2,0,1,0,0,2,2,1,2,0,1,2,1,0,1,2,1,1,1,2,1,2,0,2,1,1,1,0,0,1,1,2,2,1,0,0,1,1,2,2,1,1,0,0,1,1,2,0,2,2,1,2,0,0,2,0,2,0,0,1,0,2,1]
-38.0:[2, 0, 0, 2, 0, 0, 2, 1, 2, 2, 0, 0, 1, 1, 2, 0, 1, 1, 1, 0, 2, 2, 1, 0, 0, 1, 2, 1, 0, 0, 2, 0, 1, 0, 2, 2, 0, 1, 0, 0, 2, 2, 1, 2, 0, 1, 2, 1, 0, 1, 2, 1, 1, 1, 2, 1, 2, 0, 2, 1, 1, 1, 0, 0, 1, 1, 2, 2, 1, 0, 0, 1, 1, 2, 2, 1, 1, 0, 0, 1, 1, 2, 0, 2, 2, 1, 2, 0, 0, 2, 0, 2, 0, 0, 1, 0, 2, 1]
End Time: Ter Jul 5 11:33:39 BRT 2016 --- run in 1:48:42 ---

==> run_hypdp_cluster.sh.o199260 <==
Best: -36.0 	[2,1,0,1,1,1,1,1,1,0,1,2,2,1,1,2,1,1,0,1,0,0,2,2,1,2,0,2,1,1,2,0,2,2,1,0,1,0,0,2,2,0,1,1,2,0,0,2,2,1,0,1,0,1,0,2,1,1,0,0,1,2,1,1,2,2,1,0,0,1,2,2,0,2,2,0,1,0,0,2,0,2,1,2,2,0,2,0,1,1,0,2,2,1,2,1,1,0]
-36.0:[2, 1, 0, 1, 1, 1, 1, 1, 1, 0, 1, 2, 2, 1, 1, 2, 1, 1, 0, 1, 0, 0, 2, 2, 1, 2, 0, 2, 1, 1, 2, 0, 2, 2, 1, 0, 1, 0, 0, 2, 2, 0, 1, 1, 2, 0, 0, 2, 2, 1, 0, 1, 0, 1, 0, 2, 1, 1, 0, 0, 1, 2, 1, 1, 2, 2, 1, 0, 0, 1, 2, 2, 0, 2, 2, 0, 1, 0, 0, 2, 0, 2, 1, 2, 2, 0, 2, 0, 1, 1, 0, 2, 2, 1, 2, 1, 1, 0]
End Time: Ter Jul 5 11:34:11 BRT 2016 --- run in 1:48:59 ---

==> run_hypdp_cluster.sh.o199261 <==
Best: -39.0 	[1,2,2,1,0,1,0,0,2,2,1,2,1,1,0,0,1,1,2,2,0,0,1,0,2,1,1,1,0,0,2,1,1,0,0,1,1,2,2,0,2,2,0,0,2,2,1,1,1,2,1,1,0,1,0,1,1,0,2,1,1,0,1,0,0,2,2,1,2,0,0,2,2,1,2,1,0,1,2,2,0,0,1,2,2,1,0,0,1,2,1,2,2,0,1,2,0,1]
-39.0:[1, 2, 2, 1, 0, 1, 0, 0, 2, 2, 1, 2, 1, 1, 0, 0, 1, 1, 2, 2, 0, 0, 1, 0, 2, 1, 1, 1, 0, 0, 2, 1, 1, 0, 0, 1, 1, 2, 2, 0, 2, 2, 0, 0, 2, 2, 1, 1, 1, 2, 1, 1, 0, 1, 0, 1, 1, 0, 2, 1, 1, 0, 1, 0, 0, 2, 2, 1, 2, 0, 0, 2, 2, 1, 2, 1, 0, 1, 2, 2, 0, 0, 1, 2, 2, 1, 0, 0, 1, 2, 1, 2, 2, 0, 1, 2, 0, 1]
End Time: Ter Jul 5 12:18:01 BRT 2016 --- run in 2:32:59 ---

==> run_hypdp_cluster.sh.o199262 <==
Best: -39.0 	[0,1,0,0,2,2,1,2,1,1,1,0,0,1,2,2,1,1,0,0,2,0,0,2,2,1,1,0,1,0,0,2,1,1,1,2,1,2,2,0,1,0,0,2,2,1,2,0,1,2,0,1,1,0,1,0,1,1,2,2,0,0,1,2,0,1,0,0,2,2,1,2,1,0,0,1,1,2,2,1,0,2,2,0,2,1,1,1,1,0,1,2,1,2,2,0,1,0]
-39.0:[0, 1, 0, 0, 2, 2, 1, 2, 1, 1, 1, 0, 0, 1, 2, 2, 1, 1, 0, 0, 2, 0, 0, 2, 2, 1, 1, 0, 1, 0, 0, 2, 1, 1, 1, 2, 1, 2, 2, 0, 1, 0, 0, 2, 2, 1, 2, 0, 1, 2, 0, 1, 1, 0, 1, 0, 1, 1, 2, 2, 0, 0, 1, 2, 0, 1, 0, 0, 2, 2, 1, 2, 1, 0, 0, 1, 1, 2, 2, 1, 0, 2, 2, 0, 2, 1, 1, 1, 1, 0, 1, 2, 1, 2, 2, 0, 1, 0]
End Time: Ter Jul 5 12:17:50 BRT 2016 --- run in 2:32:48 ---

==> run_hypdp_cluster.sh.o199263 <==
Best: -38.0 	[1,2,2,1,0,0,1,1,0,1,1,2,1,0,1,0,0,2,2,1,0,2,2,1,2,0,1,1,2,2,0,1,1,1,1,1,2,2,1,1,0,0,1,1,2,1,1,1,1,1,0,1,1,1,1,0,0,1,2,1,0,1,2,1,1,1,1,1,0,1,1,2,2,1,1,1,1,1,2,1,1,1,1,2,2,1,1,1,0,0,1,1,1,1,0,1,2,1]
-38.0:[1, 2, 2, 1, 0, 0, 1, 1, 0, 1, 1, 2, 1, 0, 1, 0, 0, 2, 2, 1, 0, 2, 2, 1, 2, 0, 1, 1, 2, 2, 0, 1, 1, 1, 1, 1, 2, 2, 1, 1, 0, 0, 1, 1, 2, 1, 1, 1, 1, 1, 0, 1, 1, 1, 1, 0, 0, 1, 2, 1, 0, 1, 2, 1, 1, 1, 1, 1, 0, 1, 1, 2, 2, 1, 1, 1, 1, 1, 2, 1, 1, 1, 1, 2, 2, 1, 1, 1, 0, 0, 1, 1, 1, 1, 0, 1, 2, 1]
End Time: Ter Jul 5 12:18:14 BRT 2016 --- run in 2:32:42 ---

==> run_hypdp_cluster.sh.o199264 <==
Best: -39.0 	[2,0,0,1,1,2,0,2,1,0,2,2,1,1,2,2,0,0,2,0,0,2,2,0,0,1,1,0,0,2,2,1,1,0,0,2,2,0,0,2,2,1,1,2,2,0,1,0,0,2,1,2,0,0,1,1,0,0,2,2,1,0,2,0,0,2,2,0,2,2,1,1,0,1,0,1,1,2,2,1,0,0,1,2,2,0,0,1,1,0,0,2,1,1,1,0,1,1]
-39.0:[2, 0, 0, 1, 1, 2, 0, 2, 1, 0, 2, 2, 1, 1, 2, 2, 0, 0, 2, 0, 0, 2, 2, 0, 0, 1, 1, 0, 0, 2, 2, 1, 1, 0, 0, 2, 2, 0, 0, 2, 2, 1, 1, 2, 2, 0, 1, 0, 0, 2, 1, 2, 0, 0, 1, 1, 0, 0, 2, 2, 1, 0, 2, 0, 0, 2, 2, 0, 2, 2, 1, 1, 0, 1, 0, 1, 1, 2, 2, 1, 0, 0, 1, 2, 2, 0, 0, 1, 1, 0, 0, 2, 1, 1, 1, 0, 1, 1]
End Time: Ter Jul 5 12:25:01 BRT 2016 --- run in 2:38:49 ---

==> run_hypdp_cluster.sh.o199265 <==
Best: -41.0 	[2,0,1,1,0,0,1,2,1,1,2,2,1,0,1,0,0,2,2,1,1,2,2,0,0,2,0,2,2,1,0,2,1,1,1,1,0,0,1,1,2,2,1,1,0,2,2,0,2,1,0,0,1,2,0,1,0,0,2,2,1,0,0,2,2,1,0,0,1,1,2,2,1,1,1,2,1,0,0,1,2,2,1,0,0,2,0,0,2,0,1,1,2,2,1,1,1,2]
-41.0:[2, 0, 1, 1, 0, 0, 1, 2, 1, 1, 2, 2, 1, 0, 1, 0, 0, 2, 2, 1, 1, 2, 2, 0, 0, 2, 0, 2, 2, 1, 0, 2, 1, 1, 1, 1, 0, 0, 1, 1, 2, 2, 1, 1, 0, 2, 2, 0, 2, 1, 0, 0, 1, 2, 0, 1, 0, 0, 2, 2, 1, 0, 0, 2, 2, 1, 0, 0, 1, 1, 2, 2, 1, 1, 1, 2, 1, 0, 0, 1, 2, 2, 1, 0, 0, 2, 0, 0, 2, 0, 1, 1, 2, 2, 1, 1, 1, 2]
End Time: Ter Jul 5 11:35:16 BRT 2016 --- run in 1:48:4 ---

==> run_hypdp_cluster.sh.o199266 <==
Best: -40.0 	[0,1,0,1,2,2,1,1,2,1,0,0,1,1,2,0,0,2,0,0,1,2,1,1,1,0,2,1,2,2,0,1,1,2,2,1,0,0,1,1,2,2,1,1,0,0,1,2,1,0,0,1,2,2,1,1,1,1,1,1,1,2,2,1,1,1,0,1,1,1,0,0,2,0,0,2,2,1,1,1,1,2,0,2,2,1,2,0,1,0,0,2,2,1,0,2,1,1]
-40.0:[0, 1, 0, 1, 2, 2, 1, 1, 2, 1, 0, 0, 1, 1, 2, 0, 0, 2, 0, 0, 1, 2, 1, 1, 1, 0, 2, 1, 2, 2, 0, 1, 1, 2, 2, 1, 0, 0, 1, 1, 2, 2, 1, 1, 0, 0, 1, 2, 1, 0, 0, 1, 2, 2, 1, 1, 1, 1, 1, 1, 1, 2, 2, 1, 1, 1, 0, 1, 1, 1, 0, 0, 2, 0, 0, 2, 2, 1, 1, 1, 1, 2, 0, 2, 2, 1, 2, 0, 1, 0, 0, 2, 2, 1, 0, 2, 1, 1]
End Time: Ter Jul 5 12:21:19 BRT 2016 --- run in 2:34:2 ---

==> run_hypdp_cluster.sh.o199267 <==
Best: -40.0 	[1,2,1,1,0,0,1,2,0,0,2,2,0,1,2,2,0,2,2,0,0,2,2,0,2,0,0,2,0,1,0,0,2,2,0,1,2,1,1,1,2,2,0,2,2,0,0,1,0,2,0,0,2,1,0,1,1,2,0,1,1,0,0,1,2,2,1,0,0,1,2,1,1,2,2,1,0,1,2,1,0,1,1,0,0,2,1,0,2,1,1,0,0,2,0,0,2,2]
-40.0:[1, 2, 1, 1, 0, 0, 1, 2, 0, 0, 2, 2, 0, 1, 2, 2, 0, 2, 2, 0, 0, 2, 2, 0, 2, 0, 0, 2, 0, 1, 0, 0, 2, 2, 0, 1, 2, 1, 1, 1, 2, 2, 0, 2, 2, 0, 0, 1, 0, 2, 0, 0, 2, 1, 0, 1, 1, 2, 0, 1, 1, 0, 0, 1, 2, 2, 1, 0, 0, 1, 2, 1, 1, 2, 2, 1, 0, 1, 2, 1, 0, 1, 1, 0, 0, 2, 1, 0, 2, 1, 1, 0, 0, 2, 0, 0, 2, 2]
End Time: Ter Jul 5 12:17:27 BRT 2016 --- run in 2:29:55 ---

==> run_hypdp_cluster.sh.o199268 <==
Best: -39.0 	[2,1,1,1,0,0,1,2,2,1,1,0,1,0,1,0,2,2,1,2,0,2,2,0,0,1,0,1,1,0,2,1,2,0,0,1,1,0,0,2,2,1,2,0,0,2,2,1,0,1,2,1,1,2,1,1,1,0,2,2,1,2,1,0,1,0,0,2,1,1,1,0,1,1,0,0,1,2,2,1,1,2,1,1,2,1,1,1,1,0,1,1,0,1,0,0,2,2]
-39.0:[2, 1, 1, 1, 0, 0, 1, 2, 2, 1, 1, 0, 1, 0, 1, 0, 2, 2, 1, 2, 0, 2, 2, 0, 0, 1, 0, 1, 1, 0, 2, 1, 2, 0, 0, 1, 1, 0, 0, 2, 2, 1, 2, 0, 0, 2, 2, 1, 0, 1, 2, 1, 1, 2, 1, 1, 1, 0, 2, 2, 1, 2, 1, 0, 1, 0, 0, 2, 1, 1, 1, 0, 1, 1, 0, 0, 1, 2, 2, 1, 1, 2, 1, 1, 2, 1, 1, 1, 1, 0, 1, 1, 0, 1, 0, 0, 2, 2]
End Time: Ter Jul 5 12:56:06 BRT 2016 --- run in 2:47:4 ---

==> run_hypdp_cluster.sh.o199269 <==
Best: -38.0 	[1,2,1,1,2,2,1,0,1,2,0,0,1,1,1,0,0,1,2,2,1,0,1,1,1,2,0,0,2,0,1,1,0,2,1,0,0,1,1,0,2,2,1,2,1,1,1,0,1,1,1,2,2,1,0,2,1,2,0,1,1,0,2,1,0,0,1,1,0,2,2,0,1,2,2,1,1,1,1,1,1,2,0,0,1,0,1,1,1,1,1,2,1,2,2,0,1,1]
-38.0:[1, 2, 1, 1, 2, 2, 1, 0, 1, 2, 0, 0, 1, 1, 1, 0, 0, 1, 2, 2, 1, 0, 1, 1, 1, 2, 0, 0, 2, 0, 1, 1, 0, 2, 1, 0, 0, 1, 1, 0, 2, 2, 1, 2, 1, 1, 1, 0, 1, 1, 1, 2, 2, 1, 0, 2, 1, 2, 0, 1, 1, 0, 2, 1, 0, 0, 1, 1, 0, 2, 2, 0, 1, 2, 2, 1, 1, 1, 1, 1, 1, 2, 0, 0, 1, 0, 1, 1, 1, 1, 1, 2, 1, 2, 2, 0, 1, 1]
End Time: Ter Jul 5 12:00:30 BRT 2016 --- run in 1:46:2 ---

==> run_hypdp_cluster.sh.o199270 <==
Best: -41.0 	[1,1,2,1,0,0,1,1,0,1,2,2,1,1,1,2,2,0,0,1,1,2,2,1,1,0,1,1,1,1,0,0,1,1,1,2,1,2,2,0,1,1,1,0,1,2,2,0,0,2,1,0,2,0,0,2,0,1,0,0,2,2,1,2,1,0,0,1,2,2,1,1,1,0,0,1,1,2,0,0,2,0,2,2,1,2,0,1,1,1,1,2,1,2,1,2,0,1]
-41.0:[1, 1, 2, 1, 0, 0, 1, 1, 0, 1, 2, 2, 1, 1, 1, 2, 2, 0, 0, 1, 1, 2, 2, 1, 1, 0, 1, 1, 1, 1, 0, 0, 1, 1, 1, 2, 1, 2, 2, 0, 1, 1, 1, 0, 1, 2, 2, 0, 0, 2, 1, 0, 2, 0, 0, 2, 0, 1, 0, 0, 2, 2, 1, 2, 1, 0, 0, 1, 2, 2, 1, 1, 1, 0, 0, 1, 1, 2, 0, 0, 2, 0, 2, 2, 1, 2, 0, 1, 1, 1, 1, 2, 1, 2, 1, 2, 0, 1]
End Time: Ter Jul 5 12:45:33 BRT 2016 --- run in 1:57:51 ---

==> run_hypdp_cluster.sh.o199271 <==
Best: -40.0 	[2,0,1,1,2,2,1,1,1,1,0,0,1,1,1,2,1,2,2,0,0,2,2,0,0,2,2,1,1,0,0,1,1,1,2,1,0,1,2,0,0,1,0,1,2,2,1,0,2,1,1,0,1,2,0,0,1,1,0,0,2,2,1,2,0,0,1,2,1,2,2,0,0,2,2,1,1,0,0,1,1,2,2,0,0,2,0,0,2,2,0,1,1,1,0,1,1,2]
-40.0:[2, 0, 1, 1, 2, 2, 1, 1, 1, 1, 0, 0, 1, 1, 1, 2, 1, 2, 2, 0, 0, 2, 2, 0, 0, 2, 2, 1, 1, 0, 0, 1, 1, 1, 2, 1, 0, 1, 2, 0, 0, 1, 0, 1, 2, 2, 1, 0, 2, 1, 1, 0, 1, 2, 0, 0, 1, 1, 0, 0, 2, 2, 1, 2, 0, 0, 1, 2, 1, 2, 2, 0, 0, 2, 2, 1, 1, 0, 0, 1, 1, 2, 2, 0, 0, 2, 0, 0, 2, 2, 0, 1, 1, 1, 0, 1, 1, 2]
End Time: Ter Jul 5 13:21:26 BRT 2016 --- run in 2:25:54 ---

==> run_hypdp_cluster.sh.o199272 <==
Best: -38.0 	[0,1,1,2,0,1,1,1,1,0,0,2,2,0,0,2,0,0,1,1,2,2,0,1,1,1,2,1,1,2,2,0,2,0,1,0,1,2,1,0,2,2,1,0,0,2,1,1,2,1,0,2,1,1,1,2,1,1,2,2,0,0,2,2,0,1,0,0,2,0,1,1,1,2,1,1,1,0,0,2,0,0,2,2,1,2,1,0,1,1,0,1,0,2,0,0,1,0]
-38.0:[0, 1, 1, 2, 0, 1, 1, 1, 1, 0, 0, 2, 2, 0, 0, 2, 0, 0, 1, 1, 2, 2, 0, 1, 1, 1, 2, 1, 1, 2, 2, 0, 2, 0, 1, 0, 1, 2, 1, 0, 2, 2, 1, 0, 0, 2, 1, 1, 2, 1, 0, 2, 1, 1, 1, 2, 1, 1, 2, 2, 0, 0, 2, 2, 0, 1, 0, 0, 2, 0, 1, 1, 1, 2, 1, 1, 1, 0, 0, 2, 0, 0, 2, 2, 1, 2, 1, 0, 1, 1, 0, 1, 0, 2, 0, 0, 1, 0]
End Time: Ter Jul 5 13:02:17 BRT 2016 --- run in 1:46:4 ---

==> run_hypdp_cluster.sh.o199273 <==
Best: -39.0 	[0,2,2,1,0,0,1,2,1,1,0,0,2,2,0,0,1,1,1,0,0,1,2,2,1,1,1,0,2,2,1,0,2,1,0,0,2,2,1,1,2,2,0,0,1,1,0,1,2,1,1,2,0,1,2,2,0,2,1,0,1,2,1,1,2,2,1,0,0,1,1,1,1,0,0,1,2,1,2,2,0,0,1,0,1,2,0,1,0,2,1,1,0,0,1,1,1,0]
-39.0:[0, 2, 2, 1, 0, 0, 1, 2, 1, 1, 0, 0, 2, 2, 0, 0, 1, 1, 1, 0, 0, 1, 2, 2, 1, 1, 1, 0, 2, 2, 1, 0, 2, 1, 0, 0, 2, 2, 1, 1, 2, 2, 0, 0, 1, 1, 0, 1, 2, 1, 1, 2, 0, 1, 2, 2, 0, 2, 1, 0, 1, 2, 1, 1, 2, 2, 1, 0, 0, 1, 1, 1, 1, 0, 0, 1, 2, 1, 2, 2, 0, 0, 1, 0, 1, 2, 0, 1, 0, 2, 1, 1, 0, 0, 1, 1, 1, 0]
End Time: Ter Jul 5 13:03:39 BRT 2016 --- run in 1:45:56 ---

==> run_hypdp_cluster.sh.o199274 <==
Best: -43.0 	[2,1,0,1,2,2,1,1,2,0,0,1,0,1,2,2,1,1,0,0,1,2,2,1,1,2,1,0,1,0,1,1,1,0,0,2,2,1,1,1,0,0,1,2,1,2,2,0,1,1,0,2,0,1,0,0,2,0,2,2,1,0,0,2,1,0,1,1,2,2,1,1,1,1,2,2,0,0,2,0,0,1,2,2,1,1,2,0,1,1,1,1,2,2,1,1,1,1]
-43.0:[2, 1, 0, 1, 2, 2, 1, 1, 2, 0, 0, 1, 0, 1, 2, 2, 1, 1, 0, 0, 1, 2, 2, 1, 1, 2, 1, 0, 1, 0, 1, 1, 1, 0, 0, 2, 2, 1, 1, 1, 0, 0, 1, 2, 1, 2, 2, 0, 1, 1, 0, 2, 0, 1, 0, 0, 2, 0, 2, 2, 1, 0, 0, 2, 1, 0, 1, 1, 2, 2, 1, 1, 1, 1, 2, 2, 0, 0, 2, 0, 0, 1, 2, 2, 1, 1, 2, 0, 1, 1, 1, 1, 2, 2, 1, 1, 1, 1]
End Time: Ter Jul 5 13:03:29 BRT 2016 --- run in 1:45:46 ---

==> run_hypdp_cluster.sh.o199275 <==
Best: -34.0 	[1,0,1,0,2,1,1,1,1,2,2,1,1,1,0,0,1,2,2,1,0,2,2,1,0,0,2,1,1,0,1,1,1,1,1,1,0,2,2,0,2,0,0,1,0,2,1,1,2,0,1,1,2,0,1,0,1,1,0,0,2,1,2,1,0,0,2,1,1,2,2,1,0,0,1,1,2,1,2,2,0,0,1,1,2,1,2,2,0,0,2,1,0,1,1,2,2,0]
-34.0:[1, 0, 1, 0, 2, 1, 1, 1, 1, 2, 2, 1, 1, 1, 0, 0, 1, 2, 2, 1, 0, 2, 2, 1, 0, 0, 2, 1, 1, 0, 1, 1, 1, 1, 1, 1, 0, 2, 2, 0, 2, 0, 0, 1, 0, 2, 1, 1, 2, 0, 1, 1, 2, 0, 1, 0, 1, 1, 0, 0, 2, 1, 2, 1, 0, 0, 2, 1, 1, 2, 2, 1, 0, 0, 1, 1, 2, 1, 2, 2, 0, 0, 1, 1, 2, 1, 2, 2, 0, 0, 2, 1, 0, 1, 1, 2, 2, 0]
End Time: Ter Jul 5 13:27:16 BRT 2016 --- run in 2:8:33 ---

==> run_hypdp_cluster.sh.o199276 <==
Best: -37.0 	[1,1,1,1,1,0,0,1,1,2,2,1,1,1,0,0,1,1,2,2,1,1,0,2,1,1,0,2,0,0,2,2,0,0,1,0,2,0,0,2,2,1,2,0,2,2,0,2,0,0,1,0,2,2,0,0,2,2,0,1,1,0,0,1,2,0,1,1,2,2,1,1,0,0,1,1,1,2,2,1,1,0,2,1,2,1,1,1,0,1,1,0,0,2,1,0,0,1]
-37.0:[1, 1, 1, 1, 1, 0, 0, 1, 1, 2, 2, 1, 1, 1, 0, 0, 1, 1, 2, 2, 1, 1, 0, 2, 1, 1, 0, 2, 0, 0, 2, 2, 0, 0, 1, 0, 2, 0, 0, 2, 2, 1, 2, 0, 2, 2, 0, 2, 0, 0, 1, 0, 2, 2, 0, 0, 2, 2, 0, 1, 1, 0, 0, 1, 2, 0, 1, 1, 2, 2, 1, 1, 0, 0, 1, 1, 1, 2, 2, 1, 1, 0, 2, 1, 2, 1, 1, 1, 0, 1, 1, 0, 0, 2, 1, 0, 0, 1]
End Time: Ter Jul 5 13:10:03 BRT 2016 --- run in 1:50:50 ---

==> run_hypdp_cluster.sh.o199277 <==
Best: -39.0 	[0,1,1,1,0,1,2,1,2,2,0,1,0,0,2,0,2,0,0,2,1,1,0,2,2,0,0,1,1,1,0,0,1,2,1,0,2,2,1,1,1,0,0,2,2,1,2,0,2,0,0,1,2,0,1,1,0,2,0,0,1,2,2,1,1,0,0,1,1,2,2,1,0,2,2,0,2,1,1,2,0,0,2,0,0,2,0,0,2,2,1,0,1,0,0,2,2,1]
-39.0:[0, 1, 1, 1, 0, 1, 2, 1, 2, 2, 0, 1, 0, 0, 2, 0, 2, 0, 0, 2, 1, 1, 0, 2, 2, 0, 0, 1, 1, 1, 0, 0, 1, 2, 1, 0, 2, 2, 1, 1, 1, 0, 0, 2, 2, 1, 2, 0, 2, 0, 0, 1, 2, 0, 1, 1, 0, 2, 0, 0, 1, 2, 2, 1, 1, 0, 0, 1, 1, 2, 2, 1, 0, 2, 2, 0, 2, 1, 1, 2, 0, 0, 2, 0, 0, 2, 0, 0, 2, 2, 1, 0, 1, 0, 0, 2, 2, 1]
End Time: Ter Jul 5 13:06:01 BRT 2016 --- run in 1:45:48 ---

==> run_hypdp_cluster.sh.o199278 <==
Best: -39.0 	[1,2,1,0,1,2,1,0,0,1,2,2,0,1,2,2,1,0,2,0,0,2,2,0,0,2,1,2,2,0,1,0,2,2,1,2,1,0,0,1,2,2,1,0,0,2,1,0,1,0,2,1,2,2,0,1,0,0,2,2,1,0,1,0,0,2,2,1,1,2,2,0,0,1,0,2,1,0,0,1,2,2,0,0,1,0,2,1,1,1,2,1,1,2,2,1,0,1]
-39.0:[1, 2, 1, 0, 1, 2, 1, 0, 0, 1, 2, 2, 0, 1, 2, 2, 1, 0, 2, 0, 0, 2, 2, 0, 0, 2, 1, 2, 2, 0, 1, 0, 2, 2, 1, 2, 1, 0, 0, 1, 2, 2, 1, 0, 0, 2, 1, 0, 1, 0, 2, 1, 2, 2, 0, 1, 0, 0, 2, 2, 1, 0, 1, 0, 0, 2, 2, 1, 1, 2, 2, 0, 0, 1, 0, 2, 1, 0, 0, 1, 2, 2, 0, 0, 1, 0, 2, 1, 1, 1, 2, 1, 1, 2, 2, 1, 0, 1]
End Time: Ter Jul 5 13:15:12 BRT 2016 --- run in 1:48:29 ---

==> run_hypdp_cluster.sh.o199279 <==
Best: -42.0 	[1,1,2,1,1,0,0,1,2,1,0,0,1,2,1,0,0,2,2,1,1,2,2,0,1,1,1,1,1,2,1,2,2,0,1,1,0,0,1,2,1,1,2,1,0,1,2,1,0,2,0,1,1,0,0,2,0,1,2,2,1,0,0,1,2,0,0,2,2,1,2,1,0,2,2,1,0,1,0,0,2,2,1,0,0,2,0,1,1,1,1,1,0,0,1,1,1,1]
-42.0:[1, 1, 2, 1, 1, 0, 0, 1, 2, 1, 0, 0, 1, 2, 1, 0, 0, 2, 2, 1, 1, 2, 2, 0, 1, 1, 1, 1, 1, 2, 1, 2, 2, 0, 1, 1, 0, 0, 1, 2, 1, 1, 2, 1, 0, 1, 2, 1, 0, 2, 0, 1, 1, 0, 0, 2, 0, 1, 2, 2, 1, 0, 0, 1, 2, 0, 0, 2, 2, 1, 2, 1, 0, 2, 2, 1, 0, 1, 0, 0, 2, 2, 1, 0, 0, 2, 0, 1, 1, 1, 1, 1, 0, 0, 1, 1, 1, 1]
End Time: Ter Jul 5 13:17:27 BRT 2016 --- run in 1:48:44 ---

==> run_hypdp_cluster.sh.o199280 <==
Best: -38.0 	[0,0,1,1,2,2,1,1,1,1,1,1,0,1,1,0,1,0,0,2,2,1,1,1,1,1,1,2,2,1,0,1,2,1,2,1,0,0,1,1,1,2,2,1,0,0,2,1,1,1,1,0,1,1,0,1,0,1,2,1,1,2,0,2,2,0,2,2,1,0,0,1,2,0,0,2,1,1,0,0,2,2,0,0,1,0,1,2,2,1,1,1,0,1,1,0,0,1]
-38.0:[0, 0, 1, 1, 2, 2, 1, 1, 1, 1, 1, 1, 0, 1, 1, 0, 1, 0, 0, 2, 2, 1, 1, 1, 1, 1, 1, 2, 2, 1, 0, 1, 2, 1, 2, 1, 0, 0, 1, 1, 1, 2, 2, 1, 0, 0, 2, 1, 1, 1, 1, 0, 1, 1, 0, 1, 0, 1, 2, 1, 1, 2, 0, 2, 2, 0, 2, 2, 1, 0, 0, 1, 2, 0, 0, 2, 1, 1, 0, 0, 2, 2, 0, 0, 1, 0, 1, 2, 2, 1, 1, 1, 0, 1, 1, 0, 0, 1]
End Time: Ter Jul 5 13:18:25 BRT 2016 --- run in 1:49:12 ---

==> run_hypdp_cluster.sh.o199281 <==
Best: -37.0 	[2,1,1,1,1,0,0,1,1,2,1,1,2,2,1,0,1,0,0,2,2,1,2,1,1,0,2,1,0,1,0,1,1,1,0,0,2,2,1,2,0,0,1,1,1,1,1,1,0,2,2,1,1,1,2,0,2,0,2,2,1,1,2,0,0,1,0,1,1,1,2,1,2,2,0,1,1,0,0,1,2,0,1,1,1,0,0,2,1,2,0,2,2,1,1,1,1,2]
-37.0:[2, 1, 1, 1, 1, 0, 0, 1, 1, 2, 1, 1, 2, 2, 1, 0, 1, 0, 0, 2, 2, 1, 2, 1, 1, 0, 2, 1, 0, 1, 0, 1, 1, 1, 0, 0, 2, 2, 1, 2, 0, 0, 1, 1, 1, 1, 1, 1, 0, 2, 2, 1, 1, 1, 2, 0, 2, 0, 2, 2, 1, 1, 2, 0, 0, 1, 0, 1, 1, 1, 2, 1, 2, 2, 0, 1, 1, 0, 0, 1, 2, 0, 1, 1, 1, 0, 0, 2, 1, 2, 0, 2, 2, 1, 1, 1, 1, 2]
End Time: Ter Jul 5 13:16:18 BRT 2016 --- run in 1:46:50 ---

==> run_hypdp_cluster.sh.o199282 <==
Best: -41.0 	[2,2,1,1,0,0,1,2,2,1,0,0,1,1,1,0,0,2,2,0,1,1,2,0,2,0,2,1,2,1,1,2,2,0,0,2,0,1,1,1,0,0,2,0,0,2,2,1,1,0,2,1,1,0,2,0,1,0,2,1,1,2,2,1,0,0,1,1,0,2,2,1,1,2,2,0,1,1,0,2,2,1,0,0,1,1,0,1,1,2,0,1,1,0,0,1,2,0]
-41.0:[2, 2, 1, 1, 0, 0, 1, 2, 2, 1, 0, 0, 1, 1, 1, 0, 0, 2, 2, 0, 1, 1, 2, 0, 2, 0, 2, 1, 2, 1, 1, 2, 2, 0, 0, 2, 0, 1, 1, 1, 0, 0, 2, 0, 0, 2, 2, 1, 1, 0, 2, 1, 1, 0, 2, 0, 1, 0, 2, 1, 1, 2, 2, 1, 0, 0, 1, 1, 0, 2, 2, 1, 1, 2, 2, 0, 1, 1, 0, 2, 2, 1, 0, 0, 1, 1, 0, 1, 1, 2, 0, 1, 1, 0, 0, 1, 2, 0]
End Time: Ter Jul 5 13:18:38 BRT 2016 --- run in 1:46:55 ---

==> run_hypdp_cluster.sh.o199283 <==
Best: -39.0 	[1,1,1,1,0,0,1,2,2,0,0,1,0,1,2,2,1,0,0,2,2,0,1,0,0,2,1,0,2,2,1,1,1,1,2,1,2,1,0,1,0,0,2,1,0,1,1,2,1,0,2,2,0,2,1,2,0,1,2,2,1,0,0,1,1,2,2,0,0,1,0,1,2,0,0,1,2,1,2,2,0,1,1,2,2,0,1,2,0,1,0,1,1,0,1,0,0,2]
-39.0:[1, 1, 1, 1, 0, 0, 1, 2, 2, 0, 0, 1, 0, 1, 2, 2, 1, 0, 0, 2, 2, 0, 1, 0, 0, 2, 1, 0, 2, 2, 1, 1, 1, 1, 2, 1, 2, 1, 0, 1, 0, 0, 2, 1, 0, 1, 1, 2, 1, 0, 2, 2, 0, 2, 1, 2, 0, 1, 2, 2, 1, 0, 0, 1, 1, 2, 2, 0, 0, 1, 0, 1, 2, 0, 0, 1, 2, 1, 2, 2, 0, 1, 1, 2, 2, 0, 1, 2, 0, 1, 0, 1, 1, 0, 1, 0, 0, 2]
End Time: Ter Jul 5 13:20:07 BRT 2016 --- run in 1:47:39 ---

==> run_hypdp_cluster.sh.o199284 <==
Best: -42.0 	[1,1,1,0,2,2,1,2,1,1,0,0,1,1,1,0,2,2,0,2,2,1,1,1,1,1,0,1,1,0,1,0,0,2,2,1,1,1,1,2,1,0,0,1,1,1,1,1,0,1,2,2,0,2,2,0,1,1,2,2,1,0,1,1,1,0,0,1,1,2,2,1,1,1,2,1,0,1,0,0,2,1,0,2,0,0,2,1,1,2,1,1,2,2,1,0,0,2]
-42.0:[1, 1, 1, 0, 2, 2, 1, 2, 1, 1, 0, 0, 1, 1, 1, 0, 2, 2, 0, 2, 2, 1, 1, 1, 1, 1, 0, 1, 1, 0, 1, 0, 0, 2, 2, 1, 1, 1, 1, 2, 1, 0, 0, 1, 1, 1, 1, 1, 0, 1, 2, 2, 0, 2, 2, 0, 1, 1, 2, 2, 1, 0, 1, 1, 1, 0, 0, 1, 1, 2, 2, 1, 1, 1, 2, 1, 0, 1, 0, 0, 2, 1, 0, 2, 0, 0, 2, 1, 1, 2, 1, 1, 2, 2, 1, 0, 0, 2]
End Time: Ter Jul 5 13:22:33 BRT 2016 --- run in 1:48:50 ---

==> run_hypdp_cluster.sh.o199285 <==
Best: -37.0 	[1,1,0,1,2,2,0,2,2,0,0,1,0,1,2,2,1,1,0,1,0,0,2,2,0,2,2,0,1,2,1,2,0,2,1,1,0,0,2,2,0,0,1,0,1,2,1,1,1,1,1,1,2,2,0,1,1,2,1,2,1,1,0,0,1,1,2,2,1,1,0,0,1,1,1,0,1,2,0,2,1,1,0,1,0,0,2,1,2,1,1,0,1,0,0,2,1,1]
-37.0:[1, 1, 0, 1, 2, 2, 0, 2, 2, 0, 0, 1, 0, 1, 2, 2, 1, 1, 0, 1, 0, 0, 2, 2, 0, 2, 2, 0, 1, 2, 1, 2, 0, 2, 1, 1, 0, 0, 2, 2, 0, 0, 1, 0, 1, 2, 1, 1, 1, 1, 1, 1, 2, 2, 0, 1, 1, 2, 1, 2, 1, 1, 0, 0, 1, 1, 2, 2, 1, 1, 0, 0, 1, 1, 1, 0, 1, 2, 0, 2, 1, 1, 0, 1, 0, 0, 2, 1, 2, 1, 1, 0, 1, 0, 0, 2, 1, 1]
End Time: Ter Jul 5 13:23:57 BRT 2016 --- run in 1:49:44 ---

==> run_hypdp_cluster.sh.o199286 <==
Best: -40.0 	[0,0,1,1,2,2,1,0,1,1,2,2,1,1,0,0,1,1,2,0,2,2,1,2,0,0,1,1,0,0,2,1,1,1,0,2,0,0,1,2,2,1,1,2,1,1,2,0,2,0,0,2,0,0,2,1,0,0,2,2,0,2,0,1,2,1,2,2,0,1,2,0,1,0,0,2,1,0,0,2,2,0,1,1,1,0,0,2,1,2,0,0,2,0,0,2,2,0]
-40.0:[0, 0, 1, 1, 2, 2, 1, 0, 1, 1, 2, 2, 1, 1, 0, 0, 1, 1, 2, 0, 2, 2, 1, 2, 0, 0, 1, 1, 0, 0, 2, 1, 1, 1, 0, 2, 0, 0, 1, 2, 2, 1, 1, 2, 1, 1, 2, 0, 2, 0, 0, 2, 0, 0, 2, 1, 0, 0, 2, 2, 0, 2, 0, 1, 2, 1, 2, 2, 0, 1, 2, 0, 1, 0, 0, 2, 1, 0, 0, 2, 2, 0, 1, 1, 1, 0, 0, 2, 1, 2, 0, 0, 2, 0, 0, 2, 2, 0]
End Time: Ter Jul 5 13:23:40 BRT 2016 --- run in 1:48:12 ---

==> run_hypdp_cluster.sh.o199287 <==
Best: -41.0 	[1,2,1,1,0,0,1,1,1,1,2,2,1,0,2,2,0,0,1,1,0,0,2,1,0,2,2,1,2,1,0,2,0,2,2,0,1,1,0,1,1,0,0,1,2,2,1,0,2,2,0,2,1,1,1,2,1,2,0,0,1,2,2,1,0,1,2,1,1,0,1,1,0,1,0,0,2,2,1,2,0,0,2,0,0,2,2,1,0,1,1,2,2,0,2,2,0,0]
-41.0:[1, 2, 1, 1, 0, 0, 1, 1, 1, 1, 2, 2, 1, 0, 2, 2, 0, 0, 1, 1, 0, 0, 2, 1, 0, 2, 2, 1, 2, 1, 0, 2, 0, 2, 2, 0, 1, 1, 0, 1, 1, 0, 0, 1, 2, 2, 1, 0, 2, 2, 0, 2, 1, 1, 1, 2, 1, 2, 0, 0, 1, 2, 2, 1, 0, 1, 2, 1, 1, 0, 1, 1, 0, 1, 0, 0, 2, 2, 1, 2, 0, 0, 2, 0, 0, 2, 2, 1, 0, 1, 1, 2, 2, 0, 2, 2, 0, 0]
End Time: Ter Jul 5 13:48:35 BRT 2016 --- run in 1:47:52 ---

==> run_hypdp_cluster.sh.o199288 <==
Best: -39.0 	[2,1,2,1,0,0,2,0,0,2,1,2,0,1,2,2,1,1,0,1,2,2,1,0,0,1,1,0,2,1,1,0,1,0,1,1,1,1,2,1,2,2,0,1,1,1,1,2,0,1,1,2,0,0,2,0,1,0,1,0,2,2,1,1,0,1,0,0,2,2,1,1,1,2,2,1,0,1,0,0,2,2,0,2,2,0,2,2,0,0,2,0,2,2,1,2,0,0]
-39.0:[2, 1, 2, 1, 0, 0, 2, 0, 0, 2, 1, 2, 0, 1, 2, 2, 1, 1, 0, 1, 2, 2, 1, 0, 0, 1, 1, 0, 2, 1, 1, 0, 1, 0, 1, 1, 1, 1, 2, 1, 2, 2, 0, 1, 1, 1, 1, 2, 0, 1, 1, 2, 0, 0, 2, 0, 1, 0, 1, 0, 2, 2, 1, 1, 0, 1, 0, 0, 2, 2, 1, 1, 1, 2, 2, 1, 0, 1, 0, 0, 2, 2, 0, 2, 2, 0, 2, 2, 0, 0, 2, 0, 2, 2, 1, 2, 0, 0]
End Time: Ter Jul 5 15:03:58 BRT 2016 --- run in 2:51:11 ---
