==> run_hypdp_cluster.sh.o197949 <==
Best: -10.0 	[0,2,1,1,0,0,2,2,0,1,0,0,2,0,1,2,2,0,0,1,2,2,1,1,1,0,1,0,0,2,2,0,0,2,2]
-10.0:[0, 2, 1, 1, 0, 0, 2, 2, 0, 1, 0, 0, 2, 0, 1, 2, 2, 0, 0, 1, 2, 2, 1, 1, 1, 0, 1, 0, 0, 2, 2, 0, 0, 2, 2]
End Time: Seg Jun 27 13:45:25 BRT 2016 --- run in 0:1:35 ---

==> run_hypdp_cluster.sh.o197950 <==
Best: -11.0 	[0,1,1,1,2,2,1,1,1,1,0,0,2,1,1,1,2,2,1,0,1,0,0,2,2,1,0,0,1,1,2,0,0,2,2]
-11.0:[0, 1, 1, 1, 2, 2, 1, 1, 1, 1, 0, 0, 2, 1, 1, 1, 2, 2, 1, 0, 1, 0, 0, 2, 2, 1, 0, 0, 1, 1, 2, 0, 0, 2, 2]
End Time: Seg Jun 27 13:45:26 BRT 2016 --- run in 0:1:36 ---

==> run_hypdp_cluster.sh.o197951 <==
Best: -10.0 	[0,2,1,2,0,0,2,2,0,0,1,1,0,0,2,2,0,0,2,2,1,0,0,1,2,1,1,2,0,1,1,0,0,2,0]
-10.0:[0, 2, 1, 2, 0, 0, 2, 2, 0, 0, 1, 1, 0, 0, 2, 2, 0, 0, 2, 2, 1, 0, 0, 1, 2, 1, 1, 2, 0, 1, 1, 0, 0, 2, 0]
End Time: Seg Jun 27 13:45:34 BRT 2016 --- run in 0:2:2 ---

==> run_hypdp_cluster.sh.o197952 <==
Best: -11.0 	[1,0,0,1,2,2,1,1,1,1,0,0,1,2,0,0,2,2,1,1,0,2,2,1,1,1,2,2,1,0,0,1,2,0,1]
-11.0:[1, 0, 0, 1, 2, 2, 1, 1, 1, 1, 0, 0, 1, 2, 0, 0, 2, 2, 1, 1, 0, 2, 2, 1, 1, 1, 2, 2, 1, 0, 0, 1, 2, 0, 1]
End Time: Seg Jun 27 13:45:27 BRT 2016 --- run in 0:1:36 ---

==> run_hypdp_cluster.sh.o197953 <==
Best: -11.0 	[2,1,1,2,0,0,1,1,2,0,0,1,0,1,2,2,1,0,0,1,2,2,1,1,0,2,2,1,2,0,0,2,2,0,0]
-11.0:[2, 1, 1, 2, 0, 0, 1, 1, 2, 0, 0, 1, 0, 1, 2, 2, 1, 0, 0, 1, 2, 2, 1, 1, 0, 2, 2, 1, 2, 0, 0, 2, 2, 0, 0]
End Time: Seg Jun 27 13:45:34 BRT 2016 --- run in 0:2:2 ---

==> run_hypdp_cluster.sh.o197954 <==
Best: -11.0 	[2,1,1,1,0,0,1,1,1,2,1,2,0,2,1,0,0,2,2,1,1,2,2,0,0,1,2,2,1,1,1,0,0,1,1]
-11.0:[2, 1, 1, 1, 0, 0, 1, 1, 1, 2, 1, 2, 0, 2, 1, 0, 0, 2, 2, 1, 1, 2, 2, 0, 0, 1, 2, 2, 1, 1, 1, 0, 0, 1, 1]
End Time: Seg Jun 27 13:45:23 BRT 2016 --- run in 0:1:33 ---

==> run_hypdp_cluster.sh.o197955 <==
Best: -9.0 	[2,1,1,0,2,2,0,0,1,1,2,2,1,1,1,1,2,2,0,0,1,1,1,2,1,1,2,2,1,0,0,2,2,0,0]
-9.0:[2, 1, 1, 0, 2, 2, 0, 0, 1, 1, 2, 2, 1, 1, 1, 1, 2, 2, 0, 0, 1, 1, 1, 2, 1, 1, 2, 2, 1, 0, 0, 2, 2, 0, 0]
End Time: Seg Jun 27 13:45:27 BRT 2016 --- run in 0:1:37 ---

==> run_hypdp_cluster.sh.o197956 <==
Best: -11.0 	[1,2,0,1,2,2,1,1,1,0,1,0,0,2,1,2,2,0,0,1,1,2,2,1,0,1,2,2,1,0,2,0,0,2,2]
-11.0:[1, 2, 0, 1, 2, 2, 1, 1, 1, 0, 1, 0, 0, 2, 1, 2, 2, 0, 0, 1, 1, 2, 2, 1, 0, 1, 2, 2, 1, 0, 2, 0, 0, 2, 2]
End Time: Seg Jun 27 13:45:33 BRT 2016 --- run in 0:2:1 ---

==> run_hypdp_cluster.sh.o197957 <==
Best: -10.0 	[1,1,1,1,2,2,1,1,1,1,0,0,1,1,2,0,0,2,2,0,1,2,2,1,1,0,1,0,0,2,1,1,2,0,1]
-10.0:[1, 1, 1, 1, 2, 2, 1, 1, 1, 1, 0, 0, 1, 1, 2, 0, 0, 2, 2, 0, 1, 2, 2, 1, 1, 0, 1, 0, 0, 2, 1, 1, 2, 0, 1]
End Time: Seg Jun 27 13:45:24 BRT 2016 --- run in 0:1:34 ---

==> run_hypdp_cluster.sh.o197958 <==
Best: -11.0 	[1,0,0,1,2,2,1,1,1,1,0,2,0,2,0,1,2,2,1,0,1,0,0,2,2,1,0,0,1,1,2,0,0,2,2]
-11.0:[1, 0, 0, 1, 2, 2, 1, 1, 1, 1, 0, 2, 0, 2, 0, 1, 2, 2, 1, 0, 1, 0, 0, 2, 2, 1, 0, 0, 1, 1, 2, 0, 0, 2, 2]
End Time: Seg Jun 27 13:45:24 BRT 2016 --- run in 0:1:34 ---

==> run_hypdp_cluster.sh.o197959 <==
Best: -12.0 	[1,1,0,1,2,2,1,1,1,0,1,1,0,1,1,0,0,2,2,1,1,2,2,0,0,2,1,2,2,0,1,0,0,2,2]
-12.0:[1, 1, 0, 1, 2, 2, 1, 1, 1, 0, 1, 1, 0, 1, 1, 0, 0, 2, 2, 1, 1, 2, 2, 0, 0, 2, 1, 2, 2, 0, 1, 0, 0, 2, 2]
End Time: Seg Jun 27 13:45:33 BRT 2016 --- run in 0:2:1 ---

==> run_hypdp_cluster.sh.o197960 <==
Best: -11.0 	[2,1,0,1,2,2,1,1,1,0,1,0,1,0,2,1,2,2,0,0,2,0,0,1,1,2,1,2,2,0,1,0,0,2,2]
-11.0:[2, 1, 0, 1, 2, 2, 1, 1, 1, 0, 1, 0, 1, 0, 2, 1, 2, 2, 0, 0, 2, 0, 0, 1, 1, 2, 1, 2, 2, 0, 1, 0, 0, 2, 2]
End Time: Seg Jun 27 13:45:24 BRT 2016 --- run in 0:1:34 ---

==> run_hypdp_cluster.sh.o197961 <==
Best: -9.0 	[2,1,1,1,0,0,2,2,0,1,0,1,1,0,0,2,1,2,2,0,1,2,2,0,1,2,1,0,0,2,2,0,0,2,2]
-9.0:[2, 1, 1, 1, 0, 0, 2, 2, 0, 1, 0, 1, 1, 0, 0, 2, 1, 2, 2, 0, 1, 2, 2, 0, 1, 2, 1, 0, 0, 2, 2, 0, 0, 2, 2]
End Time: Seg Jun 27 13:45:34 BRT 2016 --- run in 0:2:2 ---

==> run_hypdp_cluster.sh.o197962 <==
Best: -9.0 	[1,1,2,0,2,2,0,0,2,0,2,2,1,2,0,2,1,0,0,2,1,2,2,0,0,2,1,2,1,1,0,2,2,0,0]
-9.0:[1, 1, 2, 0, 2, 2, 0, 0, 2, 0, 2, 2, 1, 2, 0, 2, 1, 0, 0, 2, 1, 2, 2, 0, 0, 2, 1, 2, 1, 1, 0, 2, 2, 0, 0]
End Time: Seg Jun 27 13:45:24 BRT 2016 --- run in 0:1:34 ---

==> run_hypdp_cluster.sh.o197963 <==
Best: -9.0 	[1,1,1,1,0,0,1,1,1,2,1,1,2,1,2,2,0,0,1,1,1,0,0,1,2,2,1,1,0,1,1,2,2,0,1]
-9.0:[1, 1, 1, 1, 0, 0, 1, 1, 1, 2, 1, 1, 2, 1, 2, 2, 0, 0, 1, 1, 1, 0, 0, 1, 2, 2, 1, 1, 0, 1, 1, 2, 2, 0, 1]
End Time: Seg Jun 27 13:45:28 BRT 2016 --- run in 0:1:38 ---

==> run_hypdp_cluster.sh.o197964 <==
Best: -11.0 	[2,0,2,1,0,0,1,1,0,2,2,1,2,1,1,0,0,1,2,2,1,0,0,1,1,2,1,2,2,0,1,0,0,2,2]
-11.0:[2, 0, 2, 1, 0, 0, 1, 1, 0, 2, 2, 1, 2, 1, 1, 0, 0, 1, 2, 2, 1, 0, 0, 1, 1, 2, 1, 2, 2, 0, 1, 0, 0, 2, 2]
End Time: Seg Jun 27 13:45:34 BRT 2016 --- run in 0:2:2 ---

==> run_hypdp_cluster.sh.o197965 <==
Best: -10.0 	[2,0,0,1,2,2,1,0,1,1,1,0,0,1,1,2,1,2,2,0,0,1,0,1,1,1,2,2,1,1,0,2,2,0,1]
-10.0:[2, 0, 0, 1, 2, 2, 1, 0, 1, 1, 1, 0, 0, 1, 1, 2, 1, 2, 2, 0, 0, 1, 0, 1, 1, 1, 2, 2, 1, 1, 0, 2, 2, 0, 1]
End Time: Seg Jun 27 13:45:26 BRT 2016 --- run in 0:1:36 ---

==> run_hypdp_cluster.sh.o197966 <==
Best: -10.0 	[1,2,2,1,0,0,1,1,1,2,0,0,1,0,1,2,2,0,0,2,1,2,2,0,1,1,2,2,1,0,0,1,1,0,2]
-10.0:[1, 2, 2, 1, 0, 0, 1, 1, 1, 2, 0, 0, 1, 0, 1, 2, 2, 0, 0, 2, 1, 2, 2, 0, 1, 1, 2, 2, 1, 0, 0, 1, 1, 0, 2]
End Time: Seg Jun 27 13:45:25 BRT 2016 --- run in 0:1:35 ---

==> run_hypdp_cluster.sh.o197967 <==
Best: -10.0 	[0,1,1,0,2,2,1,1,1,2,1,2,2,0,0,1,1,1,0,0,1,2,2,1,1,1,0,0,1,1,1,2,2,0,2]
-10.0:[0, 1, 1, 0, 2, 2, 1, 1, 1, 2, 1, 2, 2, 0, 0, 1, 1, 1, 0, 0, 1, 2, 2, 1, 1, 1, 0, 0, 1, 1, 1, 2, 2, 0, 2]
End Time: Seg Jun 27 13:45:34 BRT 2016 --- run in 0:2:2 ---

==> run_hypdp_cluster.sh.o197968 <==
Best: -10.0 	[1,1,1,1,2,2,1,1,1,0,0,2,1,0,1,0,0,2,2,1,1,2,2,0,1,0,0,2,1,0,0,2,2,1,1]
-10.0:[1, 1, 1, 1, 2, 2, 1, 1, 1, 0, 0, 2, 1, 0, 1, 0, 0, 2, 2, 1, 1, 2, 2, 0, 1, 0, 0, 2, 1, 0, 0, 2, 2, 1, 1]
End Time: Seg Jun 27 13:45:27 BRT 2016 --- run in 0:1:37 ---

==> run_hypdp_cluster.sh.o197969 <==
Best: -10.0 	[1,2,0,1,2,2,1,1,2,0,0,2,0,0,1,1,1,2,2,1,0,0,1,1,2,0,0,1,0,2,2,1,1,1,2]
-10.0:[1, 2, 0, 1, 2, 2, 1, 1, 2, 0, 0, 2, 0, 0, 1, 1, 1, 2, 2, 1, 0, 0, 1, 1, 2, 0, 0, 1, 0, 2, 2, 1, 1, 1, 2]
End Time: Seg Jun 27 13:45:34 BRT 2016 --- run in 0:2:2 ---

==> run_hypdp_cluster.sh.o197970 <==
Best: -11.0 	[1,1,1,1,0,0,1,1,1,2,1,2,2,0,1,1,0,0,1,2,1,2,2,0,1,1,0,0,1,2,0,2,2,0,2]
-11.0:[1, 1, 1, 1, 0, 0, 1, 1, 1, 2, 1, 2, 2, 0, 1, 1, 0, 0, 1, 2, 1, 2, 2, 0, 1, 1, 0, 0, 1, 2, 0, 2, 2, 0, 2]
End Time: Seg Jun 27 13:45:26 BRT 2016 --- run in 0:1:36 ---

==> run_hypdp_cluster.sh.o197971 <==
Best: -9.0 	[0,1,2,2,0,0,2,2,0,1,1,0,0,1,2,1,2,2,0,1,2,0,0,1,1,1,0,0,1,2,2,0,1,2,2]
-9.0:[0, 1, 2, 2, 0, 0, 2, 2, 0, 1, 1, 0, 0, 1, 2, 1, 2, 2, 0, 1, 2, 0, 0, 1, 1, 1, 0, 0, 1, 2, 2, 0, 1, 2, 2]
End Time: Seg Jun 27 13:45:25 BRT 2016 --- run in 0:1:35 ---

==> run_hypdp_cluster.sh.o197972 <==
Best: -11.0 	[1,0,2,2,0,0,1,1,1,1,0,0,2,1,0,0,1,2,2,1,0,2,2,1,0,1,2,2,1,0,0,2,2,1,1]
-11.0:[1, 0, 2, 2, 0, 0, 1, 1, 1, 1, 0, 0, 2, 1, 0, 0, 1, 2, 2, 1, 0, 2, 2, 1, 0, 1, 2, 2, 1, 0, 0, 2, 2, 1, 1]
End Time: Seg Jun 27 13:45:33 BRT 2016 --- run in 0:2:1 ---

==> run_hypdp_cluster.sh.o197973 <==
Best: -10.0 	[1,1,2,2,0,0,2,0,2,0,0,2,0,0,1,2,2,1,1,1,1,0,0,2,1,1,0,0,1,1,2,1,1,2,2]
-10.0:[1, 1, 2, 2, 0, 0, 2, 0, 2, 0, 0, 2, 0, 0, 1, 2, 2, 1, 1, 1, 1, 0, 0, 2, 1, 1, 0, 0, 1, 1, 2, 1, 1, 2, 2]
End Time: Seg Jun 27 13:45:26 BRT 2016 --- run in 0:1:36 ---

==> run_hypdp_cluster.sh.o197974 <==
Best: -10.0 	[1,1,0,0,2,2,1,0,1,1,2,2,1,1,1,2,0,1,1,0,1,0,0,2,2,1,1,1,1,2,1,0,0,2,0]
-10.0:[1, 1, 0, 0, 2, 2, 1, 0, 1, 1, 2, 2, 1, 1, 1, 2, 0, 1, 1, 0, 1, 0, 0, 2, 2, 1, 1, 1, 1, 2, 1, 0, 0, 2, 0]
End Time: Seg Jun 27 13:45:26 BRT 2016 --- run in 0:1:36 ---

==> run_hypdp_cluster.sh.o197975 <==
Best: -11.0 	[2,1,0,1,2,1,1,0,2,1,2,2,0,2,1,1,0,0,1,1,2,2,1,1,1,0,1,0,0,2,2,0,0,2,2]
-11.0:[2, 1, 0, 1, 2, 1, 1, 0, 2, 1, 2, 2, 0, 2, 1, 1, 0, 0, 1, 1, 2, 2, 1, 1, 1, 0, 1, 0, 0, 2, 2, 0, 0, 2, 2]
End Time: Seg Jun 27 13:45:34 BRT 2016 --- run in 0:2:2 ---

==> run_hypdp_cluster.sh.o197976 <==
Best: -11.0 	[0,1,2,1,0,0,1,2,2,1,0,0,1,1,1,0,0,2,1,1,2,2,1,0,1,1,2,2,1,0,1,0,0,2,2]
-11.0:[0, 1, 2, 1, 0, 0, 1, 2, 2, 1, 0, 0, 1, 1, 1, 0, 0, 2, 1, 1, 2, 2, 1, 0, 1, 1, 2, 2, 1, 0, 1, 0, 0, 2, 2]
End Time: Seg Jun 27 13:45:24 BRT 2016 --- run in 0:1:34 ---

==> run_hypdp_cluster.sh.o197977 <==
Best: -10.0 	[1,1,2,0,1,2,1,1,1,1,2,1,2,1,2,0,1,0,0,2,1,2,2,0,0,1,1,0,1,1,0,1,1,2,1]
-10.0:[1, 1, 2, 0, 1, 2, 1, 1, 1, 1, 2, 1, 2, 1, 2, 0, 1, 0, 0, 2, 1, 2, 2, 0, 0, 1, 1, 0, 1, 1, 0, 1, 1, 2, 1]
End Time: Seg Jun 27 13:45:34 BRT 2016 --- run in 0:2:2 ---

==> run_hypdp_cluster.sh.o197978 <==
Best: -11.0 	[1,1,1,1,2,2,1,1,1,1,1,0,1,0,1,1,0,2,1,1,2,2,1,0,0,2,2,1,2,0,0,2,2,0,0]
-11.0:[1, 1, 1, 1, 2, 2, 1, 1, 1, 1, 1, 0, 1, 0, 1, 1, 0, 2, 1, 1, 2, 2, 1, 0, 0, 2, 2, 1, 2, 0, 0, 2, 2, 0, 0]
End Time: Seg Jun 27 13:46:38 BRT 2016 --- run in 0:1:3 ---
