==> run_hypdp_cluster.sh.o198039 <==
Best: -12.0 	[0,1,2,1,0,0,2,2,1,0,1,0,0,2,1,0,1,2,2,1,1,2,1,0,0,1,1,0,1,1,2,0,0,2,1]
-12.0:[0, 1, 2, 1, 0, 0, 2, 2, 1, 0, 1, 0, 0, 2, 1, 0, 1, 2, 2, 1, 1, 2, 1, 0, 0, 1, 1, 0, 1, 1, 2, 0, 0, 2, 1]
End Time: Seg Jun 27 16:13:32 BRT 2016 --- run in 0:15:15 ---

==> run_hypdp_cluster.sh.o198040 <==
Best: -12.0 	[0,0,2,2,0,0,2,0,1,1,0,0,1,2,1,1,2,2,1,0,1,0,0,2,2,0,1,0,0,2,2,0,0,2,2]
-12.0:[0, 0, 2, 2, 0, 0, 2, 0, 1, 1, 0, 0, 1, 2, 1, 1, 2, 2, 1, 0, 1, 0, 0, 2, 2, 0, 1, 0, 0, 2, 2, 0, 0, 2, 2]
End Time: Seg Jun 27 16:09:55 BRT 2016 --- run in 0:11:20 ---

==> run_hypdp_cluster.sh.o198041 <==
Best: -13.0 	[0,1,2,2,0,0,2,1,1,0,1,0,0,2,1,1,2,2,1,0,1,0,0,2,1,1,0,0,2,2,1,0,0,2,2]
-13.0:[0, 1, 2, 2, 0, 0, 2, 1, 1, 0, 1, 0, 0, 2, 1, 1, 2, 2, 1, 0, 1, 0, 0, 2, 1, 1, 0, 0, 2, 2, 1, 0, 0, 2, 2]
End Time: Seg Jun 27 16:09:42 BRT 2016 --- run in 0:11:7 ---

==> run_hypdp_cluster.sh.o198042 <==
Best: -12.0 	[2,1,0,1,1,2,1,1,0,2,2,1,2,1,1,0,1,0,0,2,1,2,2,0,1,1,2,2,1,0,1,0,0,2,1]
-12.0:[2, 1, 0, 1, 1, 2, 1, 1, 0, 2, 2, 1, 2, 1, 1, 0, 1, 0, 0, 2, 1, 2, 2, 0, 1, 1, 2, 2, 1, 0, 1, 0, 0, 2, 1]
End Time: Seg Jun 27 16:13:33 BRT 2016 --- run in 0:15:16 ---

==> run_hypdp_cluster.sh.o198043 <==
Best: -12.0 	[1,0,0,1,1,2,1,0,1,1,2,2,1,1,1,1,2,2,0,0,1,0,1,1,1,1,0,0,1,2,2,0,0,2,2]
-12.0:[1, 0, 0, 1, 1, 2, 1, 0, 1, 1, 2, 2, 1, 1, 1, 1, 2, 2, 0, 0, 1, 0, 1, 1, 1, 1, 0, 0, 1, 2, 2, 0, 0, 2, 2]
End Time: Seg Jun 27 16:09:57 BRT 2016 --- run in 0:11:22 ---

==> run_hypdp_cluster.sh.o198044 <==
Best: -12.0 	[0,1,1,1,1,2,0,1,1,1,2,2,1,1,1,1,2,0,1,1,0,0,1,2,2,0,0,1,0,2,2,0,0,2,2]
-12.0:[0, 1, 1, 1, 1, 2, 0, 1, 1, 1, 2, 2, 1, 1, 1, 1, 2, 0, 1, 1, 0, 0, 1, 2, 2, 0, 0, 1, 0, 2, 2, 0, 0, 2, 2]
End Time: Seg Jun 27 16:09:43 BRT 2016 --- run in 0:11:8 ---

==> run_hypdp_cluster.sh.o198045 <==
Best: -12.0 	[0,1,1,1,0,0,1,2,0,1,2,2,1,1,2,0,0,1,0,2,1,2,2,0,1,1,2,2,1,0,0,2,2,0,0]
-12.0:[0, 1, 1, 1, 0, 0, 1, 2, 0, 1, 2, 2, 1, 1, 2, 0, 0, 1, 0, 2, 1, 2, 2, 0, 1, 1, 2, 2, 1, 0, 0, 2, 2, 0, 0]
End Time: Seg Jun 27 16:13:31 BRT 2016 --- run in 0:15:14 ---

==> run_hypdp_cluster.sh.o198046 <==
Best: -12.0 	[1,1,1,1,0,0,1,1,1,1,2,1,1,2,1,2,2,0,0,1,1,0,0,2,2,1,0,0,1,1,2,0,0,2,1]
-12.0:[1, 1, 1, 1, 0, 0, 1, 1, 1, 1, 2, 1, 1, 2, 1, 2, 2, 0, 0, 1, 1, 0, 0, 2, 2, 1, 0, 0, 1, 1, 2, 0, 0, 2, 1]
End Time: Seg Jun 27 16:09:56 BRT 2016 --- run in 0:11:21 ---

==> run_hypdp_cluster.sh.o198047 <==
Best: -13.0 	[1,1,0,0,2,2,0,1,1,2,2,0,1,2,1,2,2,0,0,1,1,0,0,2,2,1,0,0,1,1,2,0,0,2,2]
-13.0:[1, 1, 0, 0, 2, 2, 0, 1, 1, 2, 2, 0, 1, 2, 1, 2, 2, 0, 0, 1, 1, 0, 0, 2, 2, 1, 0, 0, 1, 1, 2, 0, 0, 2, 2]
End Time: Seg Jun 27 16:13:32 BRT 2016 --- run in 0:15:14 ---

==> run_hypdp_cluster.sh.o198048 <==
Best: -11.0 	[1,1,1,1,0,0,1,1,1,2,1,2,2,0,1,1,1,0,0,1,1,2,2,1,1,1,0,0,1,1,2,0,0,2,2]
-11.0:[1, 1, 1, 1, 0, 0, 1, 1, 1, 2, 1, 2, 2, 0, 1, 1, 1, 0, 0, 1, 1, 2, 2, 1, 1, 1, 0, 0, 1, 1, 2, 0, 0, 2, 2]
End Time: Seg Jun 27 16:10:06 BRT 2016 --- run in 0:11:31 ---

==> run_hypdp_cluster.sh.o198049 <==
Best: -13.0 	[1,1,1,1,0,0,1,1,1,2,1,1,2,1,1,2,2,0,0,1,1,0,0,2,2,0,1,0,0,2,2,0,0,2,2]
-13.0:[1, 1, 1, 1, 0, 0, 1, 1, 1, 2, 1, 1, 2, 1, 1, 2, 2, 0, 0, 1, 1, 0, 0, 2, 2, 0, 1, 0, 0, 2, 2, 0, 0, 2, 2]
End Time: Seg Jun 27 16:09:41 BRT 2016 --- run in 0:11:6 ---

==> run_hypdp_cluster.sh.o198050 <==
Best: -12.0 	[1,1,0,0,2,2,1,1,1,2,1,2,2,0,0,1,2,0,0,1,0,2,2,1,1,1,2,2,1,0,0,2,2,0,1]
-12.0:[1, 1, 0, 0, 2, 2, 1, 1, 1, 2, 1, 2, 2, 0, 0, 1, 2, 0, 0, 1, 0, 2, 2, 1, 1, 1, 2, 2, 1, 0, 0, 2, 2, 0, 1]
End Time: Seg Jun 27 16:13:33 BRT 2016 --- run in 0:15:16 ---

==> run_hypdp_cluster.sh.o198051 <==
Best: -13.0 	[1,1,0,1,2,2,1,1,1,1,0,0,1,1,2,1,0,0,1,2,1,2,2,0,0,1,2,2,1,1,0,2,2,0,0]
-13.0:[1, 1, 0, 1, 2, 2, 1, 1, 1, 1, 0, 0, 1, 1, 2, 1, 0, 0, 1, 2, 1, 2, 2, 0, 0, 1, 2, 2, 1, 1, 0, 2, 2, 0, 0]
End Time: Seg Jun 27 16:10:06 BRT 2016 --- run in 0:11:31 ---

==> run_hypdp_cluster.sh.o198052 <==
Best: -12.0 	[1,1,0,1,1,2,1,0,0,2,2,1,2,1,1,1,2,2,0,0,1,0,1,1,1,1,0,0,1,2,2,0,0,2,2]
-12.0:[1, 1, 0, 1, 1, 2, 1, 0, 0, 2, 2, 1, 2, 1, 1, 1, 2, 2, 0, 0, 1, 0, 1, 1, 1, 1, 0, 0, 1, 2, 2, 0, 0, 2, 2]
End Time: Seg Jun 27 16:09:46 BRT 2016 --- run in 0:11:11 ---

==> run_hypdp_cluster.sh.o198053 <==
Best: -12.0 	[0,1,0,1,2,2,0,0,1,1,2,2,1,1,1,2,1,0,0,1,1,2,2,1,1,0,1,0,0,2,2,0,0,2,2]
-12.0:[0, 1, 0, 1, 2, 2, 0, 0, 1, 1, 2, 2, 1, 1, 1, 2, 1, 0, 0, 1, 1, 2, 2, 1, 1, 0, 1, 0, 0, 2, 2, 0, 0, 2, 2]
End Time: Seg Jun 27 16:13:32 BRT 2016 --- run in 0:15:15 ---

==> run_hypdp_cluster.sh.o198054 <==
Best: -13.0 	[0,2,1,1,0,0,1,1,1,2,2,0,1,2,1,2,2,0,0,1,1,0,0,2,2,1,0,0,1,1,2,0,0,2,2]
-13.0:[0, 2, 1, 1, 0, 0, 1, 1, 1, 2, 2, 0, 1, 2, 1, 2, 2, 0, 0, 1, 1, 0, 0, 2, 2, 1, 0, 0, 1, 1, 2, 0, 0, 2, 2]
End Time: Seg Jun 27 16:10:10 BRT 2016 --- run in 0:11:35 ---

==> run_hypdp_cluster.sh.o198055 <==
Best: -13.0 	[1,1,1,1,2,2,1,1,1,1,0,0,1,1,1,1,2,2,1,0,1,0,0,2,2,0,1,0,0,2,2,0,0,2,2]
-13.0:[1, 1, 1, 1, 2, 2, 1, 1, 1, 1, 0, 0, 1, 1, 1, 1, 2, 2, 1, 0, 1, 0, 0, 2, 2, 0, 1, 0, 0, 2, 2, 0, 0, 2, 2]
End Time: Seg Jun 27 16:13:32 BRT 2016 --- run in 0:15:15 ---

==> run_hypdp_cluster.sh.o198056 <==
Best: -13.0 	[1,1,2,1,1,0,1,1,1,1,0,0,1,1,1,2,1,2,2,0,1,0,0,2,1,1,0,0,1,2,2,0,0,2,1]
-13.0:[1, 1, 2, 1, 1, 0, 1, 1, 1, 1, 0, 0, 1, 1, 1, 2, 1, 2, 2, 0, 1, 0, 0, 2, 1, 1, 0, 0, 1, 2, 2, 0, 0, 2, 1]
End Time: Seg Jun 27 16:10:15 BRT 2016 --- run in 0:11:39 ---

==> run_hypdp_cluster.sh.o198057 <==
Best: -11.0 	[2,1,0,1,2,2,1,1,1,0,1,1,0,1,1,0,0,2,2,1,1,2,2,0,1,2,0,2,2,0,1,0,0,2,0]
-11.0:[2, 1, 0, 1, 2, 2, 1, 1, 1, 0, 1, 1, 0, 1, 1, 0, 0, 2, 2, 1, 1, 2, 2, 0, 1, 2, 0, 2, 2, 0, 1, 0, 0, 2, 0]
End Time: Seg Jun 27 16:09:49 BRT 2016 --- run in 0:11:14 ---

==> run_hypdp_cluster.sh.o198058 <==
Best: -11.0 	[2,0,2,1,0,0,2,1,0,2,1,0,0,1,1,0,2,2,0,2,1,2,2,0,1,1,0,0,1,2,2,0,0,1,2]
-11.0:[2, 0, 2, 1, 0, 0, 2, 1, 0, 2, 1, 0, 0, 1, 1, 0, 2, 2, 0, 2, 1, 2, 2, 0, 1, 1, 0, 0, 1, 2, 2, 0, 0, 1, 2]
End Time: Seg Jun 27 16:13:30 BRT 2016 --- run in 0:15:13 ---

==> run_hypdp_cluster.sh.o198059 <==
Best: -11.0 	[0,2,0,1,2,2,1,1,0,1,1,0,1,2,2,0,0,1,0,2,1,2,2,0,1,1,2,2,1,0,0,2,2,0,0]
-11.0:[0, 2, 0, 1, 2, 2, 1, 1, 0, 1, 1, 0, 1, 2, 2, 0, 0, 1, 0, 2, 1, 2, 2, 0, 1, 1, 2, 2, 1, 0, 0, 2, 2, 0, 0]
End Time: Seg Jun 27 16:10:14 BRT 2016 --- run in 0:11:39 ---

==> run_hypdp_cluster.sh.o198060 <==
Best: -12.0 	[2,1,0,0,2,2,1,1,0,2,1,2,2,0,1,2,2,0,0,1,1,0,0,2,2,0,1,0,0,2,1,2,2,0,2]
-12.0:[2, 1, 0, 0, 2, 2, 1, 1, 0, 2, 1, 2, 2, 0, 1, 2, 2, 0, 0, 1, 1, 0, 0, 2, 2, 0, 1, 0, 0, 2, 1, 2, 2, 0, 2]
End Time: Seg Jun 27 16:09:43 BRT 2016 --- run in 0:11:8 ---

==> run_hypdp_cluster.sh.o198061 <==
Best: -13.0 	[1,1,2,1,0,0,1,1,2,1,0,2,2,1,1,2,2,0,0,1,1,0,0,2,2,0,1,0,0,2,2,0,0,2,2]
-13.0:[1, 1, 2, 1, 0, 0, 1, 1, 2, 1, 0, 2, 2, 1, 1, 2, 2, 0, 0, 1, 1, 0, 0, 2, 2, 0, 1, 0, 0, 2, 2, 0, 0, 2, 2]
End Time: Seg Jun 27 16:13:29 BRT 2016 --- run in 0:15:12 ---

==> run_hypdp_cluster.sh.o198062 <==
Best: -11.0 	[1,1,1,1,0,0,1,1,2,1,1,1,2,2,1,1,0,0,1,2,1,2,2,0,0,2,1,1,2,1,1,0,0,1,2]
-11.0:[1, 1, 1, 1, 0, 0, 1, 1, 2, 1, 1, 1, 2, 2, 1, 1, 0, 0, 1, 2, 1, 2, 2, 0, 0, 2, 1, 1, 2, 1, 1, 0, 0, 1, 2]
End Time: Seg Jun 27 16:09:53 BRT 2016 --- run in 0:11:18 ---

==> run_hypdp_cluster.sh.o198063 <==
Best: -12.0 	[1,1,1,1,0,0,1,1,1,1,2,2,1,1,1,1,0,0,1,2,1,2,2,0,0,2,1,2,2,0,1,0,0,2,1]
-12.0:[1, 1, 1, 1, 0, 0, 1, 1, 1, 1, 2, 2, 1, 1, 1, 1, 0, 0, 1, 2, 1, 2, 2, 0, 0, 2, 1, 2, 2, 0, 1, 0, 0, 2, 1]
End Time: Seg Jun 27 16:13:35 BRT 2016 --- run in 0:15:18 ---

==> run_hypdp_cluster.sh.o198064 <==
Best: -11.0 	[1,1,2,1,0,0,1,2,1,0,0,1,2,0,0,2,2,1,2,0,1,0,0,2,1,1,0,0,1,2,1,2,2,0,1]
-11.0:[1, 1, 2, 1, 0, 0, 1, 2, 1, 0, 0, 1, 2, 0, 0, 2, 2, 1, 2, 0, 1, 0, 0, 2, 1, 1, 0, 0, 1, 2, 1, 2, 2, 0, 1]
End Time: Seg Jun 27 16:10:02 BRT 2016 --- run in 0:11:27 ---

==> run_hypdp_cluster.sh.o198065 <==
Best: -13.0 	[2,0,0,1,2,2,1,1,1,1,0,0,1,1,1,1,2,2,1,0,1,0,0,2,2,0,1,0,0,2,2,0,0,2,2]
-13.0:[2, 0, 0, 1, 2, 2, 1, 1, 1, 1, 0, 0, 1, 1, 1, 1, 2, 2, 1, 0, 1, 0, 0, 2, 2, 0, 1, 0, 0, 2, 2, 0, 0, 2, 2]
End Time: Seg Jun 27 16:09:50 BRT 2016 --- run in 0:11:14 ---

==> run_hypdp_cluster.sh.o198066 <==
Best: -11.0 	[1,2,0,0,1,2,0,2,2,1,2,0,1,2,1,0,2,2,1,0,1,0,0,2,2,1,0,0,1,1,1,1,0,2,2]
-11.0:[1, 2, 0, 0, 1, 2, 0, 2, 2, 1, 2, 0, 1, 2, 1, 0, 2, 2, 1, 0, 1, 0, 0, 2, 2, 1, 0, 0, 1, 1, 1, 1, 0, 2, 2]
End Time: Seg Jun 27 16:13:35 BRT 2016 --- run in 0:15:18 ---

==> run_hypdp_cluster.sh.o198067 <==
Best: -12.0 	[1,1,1,0,1,2,2,0,1,1,2,2,1,1,0,2,1,0,0,1,1,2,2,1,0,1,2,2,1,0,1,2,2,0,0]
-12.0:[1, 1, 1, 0, 1, 2, 2, 0, 1, 1, 2, 2, 1, 1, 0, 2, 1, 0, 0, 1, 1, 2, 2, 1, 0, 1, 2, 2, 1, 0, 1, 2, 2, 0, 0]
End Time: Seg Jun 27 16:10:14 BRT 2016 --- run in 0:11:38 ---

==> run_hypdp_cluster.sh.o198068 <==
Best: -13.0 	[0,1,1,1,0,0,1,1,2,0,2,2,0,2,1,2,2,0,0,1,1,0,0,2,2,0,1,0,0,2,2,0,0,2,2]
-13.0:[0, 1, 1, 1, 0, 0, 1, 1, 2, 0, 2, 2, 0, 2, 1, 2, 2, 0, 0, 1, 1, 0, 0, 2, 2, 0, 1, 0, 0, 2, 2, 0, 0, 2, 2]
End Time: Seg Jun 27 16:20:42 BRT 2016 --- run in 0:10:52 ---
