==> run_hypdp_cluster.sh.o198989 <==
Best: -37.0 	[1,0,1,1,1,0,2,2,0,0,2,1,2,1,1,0,2,2,1,1,2,2,0,0,1,0,1,2,0,1,0,0,2,2,0,0,2,2,1,2,0,1,2,2,1,0,0,2,2,0,2,1,0,0,2,0,0,2,0,2,0,1,2,1,0,1,1,1,1,1,0,1,0,1,1,2,2,0,1,1,2,0,2,2,0,2,2,1,0,1,0,1,2,0,0,1,0,1]
-37.0:[1, 0, 1, 1, 1, 0, 2, 2, 0, 0, 2, 1, 2, 1, 1, 0, 2, 2, 1, 1, 2, 2, 0, 0, 1, 0, 1, 2, 0, 1, 0, 0, 2, 2, 0, 0, 2, 2, 1, 2, 0, 1, 2, 2, 1, 0, 0, 2, 2, 0, 2, 1, 0, 0, 2, 0, 0, 2, 0, 2, 0, 1, 2, 1, 0, 1, 1, 1, 1, 1, 0, 1, 0, 1, 1, 2, 2, 0, 1, 1, 2, 0, 2, 2, 0, 2, 2, 1, 0, 1, 0, 1, 2, 0, 0, 1, 0, 1]
End Time: Seg Jul 4 17:43:36 BRT 2016 --- run in 0:11:9 ---

==> run_hypdp_cluster.sh.o198990 <==
Best: -38.0 	[1,1,2,0,2,1,0,0,2,1,0,2,2,0,2,2,0,1,0,0,2,0,1,1,1,2,1,1,2,1,0,1,2,2,0,1,2,2,1,0,2,1,0,0,1,1,0,2,1,0,2,1,2,0,2,2,1,1,1,0,0,1,1,1,1,1,2,2,0,2,2,0,0,1,2,2,1,0,0,1,2,1,1,0,0,1,2,2,0,1,0,0,2,1,0,0,2,2]
-38.0:[1, 1, 2, 0, 2, 1, 0, 0, 2, 1, 0, 2, 2, 0, 2, 2, 0, 1, 0, 0, 2, 0, 1, 1, 1, 2, 1, 1, 2, 1, 0, 1, 2, 2, 0, 1, 2, 2, 1, 0, 2, 1, 0, 0, 1, 1, 0, 2, 1, 0, 2, 1, 2, 0, 2, 2, 1, 1, 1, 0, 0, 1, 1, 1, 1, 1, 2, 2, 0, 2, 2, 0, 0, 1, 2, 2, 1, 0, 0, 1, 2, 1, 1, 0, 0, 1, 2, 2, 0, 1, 0, 0, 2, 1, 0, 0, 2, 2]
End Time: Seg Jul 4 17:44:12 BRT 2016 --- run in 0:11:15 ---

==> run_hypdp_cluster.sh.o198991 <==
Best: -34.0 	[1,1,0,1,0,1,2,2,1,1,1,1,0,2,1,0,1,1,0,0,1,2,2,1,1,1,1,0,0,1,1,1,2,0,0,2,2,1,2,1,0,2,2,1,0,0,2,0,0,2,1,0,0,2,2,1,0,0,1,1,2,2,1,0,2,2,0,2,1,1,2,0,1,2,1,0,0,2,1,0,1,2,2,1,1,2,1,0,0,1,2,1,2,2,0,0,2,2]
-34.0:[1, 1, 0, 1, 0, 1, 2, 2, 1, 1, 1, 1, 0, 2, 1, 0, 1, 1, 0, 0, 1, 2, 2, 1, 1, 1, 1, 0, 0, 1, 1, 1, 2, 0, 0, 2, 2, 1, 2, 1, 0, 2, 2, 1, 0, 0, 2, 0, 0, 2, 1, 0, 0, 2, 2, 1, 0, 0, 1, 1, 2, 2, 1, 0, 2, 2, 0, 2, 1, 1, 2, 0, 1, 2, 1, 0, 0, 2, 1, 0, 1, 2, 2, 1, 1, 2, 1, 0, 0, 1, 2, 1, 2, 2, 0, 0, 2, 2]
End Time: Seg Jul 4 17:45:59 BRT 2016 --- run in 0:11:2 ---

==> run_hypdp_cluster.sh.o198992 <==
Best: -36.0 	[1,2,1,1,0,0,2,2,0,1,1,0,1,0,1,2,2,0,0,1,0,1,2,2,1,0,1,1,1,1,0,2,1,1,2,0,2,1,1,2,1,1,2,2,1,0,0,2,0,0,2,1,1,1,1,0,2,2,0,1,1,0,1,1,1,1,0,1,0,2,1,0,0,1,1,2,1,2,2,0,1,1,0,2,2,0,0,2,2,1,1,0,0,2,1,1,2,2]
-36.0:[1, 2, 1, 1, 0, 0, 2, 2, 0, 1, 1, 0, 1, 0, 1, 2, 2, 0, 0, 1, 0, 1, 2, 2, 1, 0, 1, 1, 1, 1, 0, 2, 1, 1, 2, 0, 2, 1, 1, 2, 1, 1, 2, 2, 1, 0, 0, 2, 0, 0, 2, 1, 1, 1, 1, 0, 2, 2, 0, 1, 1, 0, 1, 1, 1, 1, 0, 1, 0, 2, 1, 0, 0, 1, 1, 2, 1, 2, 2, 0, 1, 1, 0, 2, 2, 0, 0, 2, 2, 1, 1, 0, 0, 2, 1, 1, 2, 2]
End Time: Seg Jul 4 17:46:12 BRT 2016 --- run in 0:11:0 ---

==> run_hypdp_cluster.sh.o198993 <==
Best: -36.0 	[2,1,0,2,0,1,2,0,2,1,2,2,0,2,0,1,1,0,1,1,0,0,1,2,2,0,2,2,0,2,1,0,2,2,1,1,0,0,2,0,0,2,2,0,1,1,2,2,0,0,1,0,2,2,0,0,2,2,1,2,1,1,1,1,0,1,2,2,0,1,2,0,2,2,1,2,0,0,1,0,1,1,1,2,0,2,1,0,1,1,1,0,1,0,1,0,2,2]
-36.0:[2, 1, 0, 2, 0, 1, 2, 0, 2, 1, 2, 2, 0, 2, 0, 1, 1, 0, 1, 1, 0, 0, 1, 2, 2, 0, 2, 2, 0, 2, 1, 0, 2, 2, 1, 1, 0, 0, 2, 0, 0, 2, 2, 0, 1, 1, 2, 2, 0, 0, 1, 0, 2, 2, 0, 0, 2, 2, 1, 2, 1, 1, 1, 1, 0, 1, 2, 2, 0, 1, 2, 0, 2, 2, 1, 2, 0, 0, 1, 0, 1, 1, 1, 2, 0, 2, 1, 0, 1, 1, 1, 0, 1, 0, 1, 0, 2, 2]
End Time: Seg Jul 4 17:49:20 BRT 2016 --- run in 0:10:53 ---

==> run_hypdp_cluster.sh.o198994 <==
Best: -34.0 	[0,1,1,1,1,0,2,2,1,1,1,1,2,2,1,1,0,0,1,2,2,1,0,0,1,2,1,0,0,1,2,0,1,2,2,1,0,0,2,2,0,0,1,2,1,0,0,1,1,0,2,2,0,2,1,2,2,0,1,0,0,2,2,1,0,0,2,2,1,2,1,0,2,2,1,0,0,1,2,1,1,2,0,1,2,1,1,1,0,1,1,0,0,2,1,0,0,1]
-34.0:[0, 1, 1, 1, 1, 0, 2, 2, 1, 1, 1, 1, 2, 2, 1, 1, 0, 0, 1, 2, 2, 1, 0, 0, 1, 2, 1, 0, 0, 1, 2, 0, 1, 2, 2, 1, 0, 0, 2, 2, 0, 0, 1, 2, 1, 0, 0, 1, 1, 0, 2, 2, 0, 2, 1, 2, 2, 0, 1, 0, 0, 2, 2, 1, 0, 0, 2, 2, 1, 2, 1, 0, 2, 2, 1, 0, 0, 1, 2, 1, 1, 2, 0, 1, 2, 1, 1, 1, 0, 1, 1, 0, 0, 2, 1, 0, 0, 1]
End Time: Seg Jul 4 17:49:17 BRT 2016 --- run in 0:10:50 ---

==> run_hypdp_cluster.sh.o198995 <==
Best: -36.0 	[1,0,0,1,2,1,0,0,2,1,1,2,2,1,0,0,1,2,0,2,2,0,0,2,2,1,0,1,2,1,2,2,0,0,2,2,1,0,1,0,0,2,2,0,2,0,0,1,0,2,2,1,1,0,1,0,0,2,1,2,2,0,0,2,2,1,1,0,2,2,1,1,1,1,1,0,1,1,2,0,2,1,2,2,0,2,0,1,0,0,2,2,1,2,1,0,2,2]
-36.0:[1, 0, 0, 1, 2, 1, 0, 0, 2, 1, 1, 2, 2, 1, 0, 0, 1, 2, 0, 2, 2, 0, 0, 2, 2, 1, 0, 1, 2, 1, 2, 2, 0, 0, 2, 2, 1, 0, 1, 0, 0, 2, 2, 0, 2, 0, 0, 1, 0, 2, 2, 1, 1, 0, 1, 0, 0, 2, 1, 2, 2, 0, 0, 2, 2, 1, 1, 0, 2, 2, 1, 1, 1, 1, 1, 0, 1, 1, 2, 0, 2, 1, 2, 2, 0, 2, 0, 1, 0, 0, 2, 2, 1, 2, 1, 0, 2, 2]
End Time: Seg Jul 4 17:49:51 BRT 2016 --- run in 0:10:54 ---

==> run_hypdp_cluster.sh.o198996 <==
Best: -36.0 	[1,2,2,0,2,0,2,1,0,2,1,2,2,0,1,0,2,2,1,2,1,0,0,1,1,1,1,0,0,1,2,2,1,1,1,1,0,1,0,0,2,1,2,2,0,0,2,2,0,0,1,1,1,0,1,0,0,2,2,1,2,1,1,2,1,1,1,1,2,1,2,0,0,2,2,0,1,2,1,1,0,1,0,0,2,2,0,1,2,2,1,1,1,1,2,0,1,0]
-36.0:[1, 2, 2, 0, 2, 0, 2, 1, 0, 2, 1, 2, 2, 0, 1, 0, 2, 2, 1, 2, 1, 0, 0, 1, 1, 1, 1, 0, 0, 1, 2, 2, 1, 1, 1, 1, 0, 1, 0, 0, 2, 1, 2, 2, 0, 0, 2, 2, 0, 0, 1, 1, 1, 0, 1, 0, 0, 2, 2, 1, 2, 1, 1, 2, 1, 1, 1, 1, 2, 1, 2, 0, 0, 2, 2, 0, 1, 2, 1, 1, 0, 1, 0, 0, 2, 2, 0, 1, 2, 2, 1, 1, 1, 1, 2, 0, 1, 0]
End Time: Seg Jul 4 17:50:25 BRT 2016 --- run in 0:10:43 ---

==> run_hypdp_cluster.sh.o198997 <==
Best: -37.0 	[2,0,0,2,1,1,0,0,1,2,1,1,2,1,2,2,0,0,1,1,0,0,2,1,0,2,1,2,1,1,0,1,2,2,0,1,2,2,1,0,0,1,2,2,0,0,2,2,1,2,1,0,2,0,0,1,0,2,1,0,1,1,1,2,1,1,1,0,0,2,1,0,0,1,2,1,1,2,2,1,0,1,1,0,1,0,0,2,2,1,1,0,1,2,0,0,1,1]
-37.0:[2, 0, 0, 2, 1, 1, 0, 0, 1, 2, 1, 1, 2, 1, 2, 2, 0, 0, 1, 1, 0, 0, 2, 1, 0, 2, 1, 2, 1, 1, 0, 1, 2, 2, 0, 1, 2, 2, 1, 0, 0, 1, 2, 2, 0, 0, 2, 2, 1, 2, 1, 0, 2, 0, 0, 1, 0, 2, 1, 0, 1, 1, 1, 2, 1, 1, 1, 0, 0, 2, 1, 0, 0, 1, 2, 1, 1, 2, 2, 1, 0, 1, 1, 0, 1, 0, 0, 2, 2, 1, 1, 0, 1, 2, 0, 0, 1, 1]
End Time: Seg Jul 4 17:50:53 BRT 2016 --- run in 0:10:56 ---

==> run_hypdp_cluster.sh.o198998 <==
Best: -38.0 	[1,2,0,1,1,1,2,2,1,1,0,0,1,1,1,0,1,1,0,1,2,1,2,2,0,1,1,2,0,2,0,1,2,2,1,1,0,0,2,0,0,2,1,2,2,0,2,0,2,2,0,2,0,1,1,0,0,1,2,0,2,0,1,1,2,1,1,2,1,1,2,2,1,0,0,1,1,2,0,2,0,1,0,0,2,0,2,0,2,2,1,2,0,2,0,0,2,2]
-38.0:[1, 2, 0, 1, 1, 1, 2, 2, 1, 1, 0, 0, 1, 1, 1, 0, 1, 1, 0, 1, 2, 1, 2, 2, 0, 1, 1, 2, 0, 2, 0, 1, 2, 2, 1, 1, 0, 0, 2, 0, 0, 2, 1, 2, 2, 0, 2, 0, 2, 2, 0, 2, 0, 1, 1, 0, 0, 1, 2, 0, 2, 0, 1, 1, 2, 1, 1, 2, 1, 1, 2, 2, 1, 0, 0, 1, 1, 2, 0, 2, 0, 1, 0, 0, 2, 0, 2, 0, 2, 2, 1, 2, 0, 2, 0, 0, 2, 2]
End Time: Seg Jul 4 17:51:00 BRT 2016 --- run in 0:10:48 ---

==> run_hypdp_cluster.sh.o198999 <==
Best: -39.0 	[0,2,2,1,1,0,2,2,1,1,0,1,0,1,0,2,1,0,1,2,2,1,1,0,2,1,1,0,0,1,2,1,0,0,1,2,0,2,1,1,0,1,2,0,2,2,1,2,0,1,2,1,1,0,0,2,0,0,2,2,1,2,1,0,1,1,1,1,0,0,2,0,1,2,0,1,1,1,1,1,2,1,2,2,0,1,1,1,1,0,1,1,0,0,1,2,1,2]
-39.0:[0, 2, 2, 1, 1, 0, 2, 2, 1, 1, 0, 1, 0, 1, 0, 2, 1, 0, 1, 2, 2, 1, 1, 0, 2, 1, 1, 0, 0, 1, 2, 1, 0, 0, 1, 2, 0, 2, 1, 1, 0, 1, 2, 0, 2, 2, 1, 2, 0, 1, 2, 1, 1, 0, 0, 2, 0, 0, 2, 2, 1, 2, 1, 0, 1, 1, 1, 1, 0, 0, 2, 0, 1, 2, 0, 1, 1, 1, 1, 1, 2, 1, 2, 2, 0, 1, 1, 1, 1, 0, 1, 1, 0, 0, 1, 2, 1, 2]
End Time: Seg Jul 4 17:51:50 BRT 2016 --- run in 0:11:8 ---

==> run_hypdp_cluster.sh.o199000 <==
Best: -36.0 	[1,0,0,2,1,1,2,2,1,0,2,0,0,1,0,2,1,2,2,0,1,2,0,1,2,0,0,1,0,1,2,2,0,0,2,0,0,1,2,2,0,2,2,0,2,1,0,0,1,2,2,1,0,0,2,1,0,0,1,2,2,1,0,2,1,0,0,2,1,0,0,2,0,1,2,1,0,2,1,2,2,0,0,2,0,0,1,2,2,0,2,2,0,2,1,1,1,2]
-36.0:[1, 0, 0, 2, 1, 1, 2, 2, 1, 0, 2, 0, 0, 1, 0, 2, 1, 2, 2, 0, 1, 2, 0, 1, 2, 0, 0, 1, 0, 1, 2, 2, 0, 0, 2, 0, 0, 1, 2, 2, 0, 2, 2, 0, 2, 1, 0, 0, 1, 2, 2, 1, 0, 0, 2, 1, 0, 0, 1, 2, 2, 1, 0, 2, 1, 0, 0, 2, 1, 0, 0, 2, 0, 1, 2, 1, 0, 2, 1, 2, 2, 0, 0, 2, 0, 0, 1, 2, 2, 0, 2, 2, 0, 2, 1, 1, 1, 2]
End Time: Seg Jul 4 17:52:00 BRT 2016 --- run in 0:11:3 ---

==> run_hypdp_cluster.sh.o199001 <==
Best: -37.0 	[0,2,1,1,1,1,0,0,2,0,1,2,2,1,0,1,2,1,2,2,0,1,0,0,2,2,0,1,1,0,1,1,0,0,1,2,2,0,2,2,0,0,1,1,1,2,1,2,2,0,1,1,1,0,1,1,0,1,0,0,2,2,1,2,1,0,0,2,1,1,1,0,1,1,0,0,1,2,2,1,1,1,2,2,0,1,1,1,1,1,0,1,0,0,2,1,2,2]
-37.0:[0, 2, 1, 1, 1, 1, 0, 0, 2, 0, 1, 2, 2, 1, 0, 1, 2, 1, 2, 2, 0, 1, 0, 0, 2, 2, 0, 1, 1, 0, 1, 1, 0, 0, 1, 2, 2, 0, 2, 2, 0, 0, 1, 1, 1, 2, 1, 2, 2, 0, 1, 1, 1, 0, 1, 1, 0, 1, 0, 0, 2, 2, 1, 2, 1, 0, 0, 2, 1, 1, 1, 0, 1, 1, 0, 0, 1, 2, 2, 1, 1, 1, 2, 2, 0, 1, 1, 1, 1, 1, 0, 1, 0, 0, 2, 1, 2, 2]
End Time: Seg Jul 4 17:52:56 BRT 2016 --- run in 0:11:14 ---

==> run_hypdp_cluster.sh.o199002 <==
Best: -37.0 	[1,0,0,2,0,0,2,1,1,1,2,2,1,1,0,0,1,2,2,1,0,2,2,1,0,1,0,1,1,1,1,0,1,0,0,2,2,1,2,0,2,0,0,1,0,2,2,1,0,2,1,1,2,2,1,0,2,0,0,2,2,0,0,2,2,0,2,1,0,2,1,2,1,1,0,0,2,2,0,2,1,1,0,0,2,0,0,2,2,1,0,0,2,1,0,0,2,0]
-37.0:[1, 0, 0, 2, 0, 0, 2, 1, 1, 1, 2, 2, 1, 1, 0, 0, 1, 2, 2, 1, 0, 2, 2, 1, 0, 1, 0, 1, 1, 1, 1, 0, 1, 0, 0, 2, 2, 1, 2, 0, 2, 0, 0, 1, 0, 2, 2, 1, 0, 2, 1, 1, 2, 2, 1, 0, 2, 0, 0, 2, 2, 0, 0, 2, 2, 0, 2, 1, 0, 2, 1, 2, 1, 1, 0, 0, 2, 2, 0, 2, 1, 1, 0, 0, 2, 0, 0, 2, 2, 1, 0, 0, 2, 1, 0, 0, 2, 0]
End Time: Seg Jul 4 17:53:36 BRT 2016 --- run in 0:11:9 ---

==> run_hypdp_cluster.sh.o199003 <==
Best: -35.0 	[0,2,1,1,2,1,0,0,2,1,2,0,2,2,1,1,1,0,0,1,1,1,2,2,0,0,2,1,2,0,1,2,1,0,1,2,2,1,1,1,1,1,2,2,1,1,0,0,1,1,1,0,1,1,1,1,0,0,1,2,2,1,1,1,1,1,0,1,1,1,0,0,2,1,1,0,0,2,2,1,1,2,2,0,0,2,2,1,1,0,1,0,0,2,1,2,2,0]
-35.0:[0, 2, 1, 1, 2, 1, 0, 0, 2, 1, 2, 0, 2, 2, 1, 1, 1, 0, 0, 1, 1, 1, 2, 2, 0, 0, 2, 1, 2, 0, 1, 2, 1, 0, 1, 2, 2, 1, 1, 1, 1, 1, 2, 2, 1, 1, 0, 0, 1, 1, 1, 0, 1, 1, 1, 1, 0, 0, 1, 2, 2, 1, 1, 1, 1, 1, 0, 1, 1, 1, 0, 0, 2, 1, 1, 0, 0, 2, 2, 1, 1, 2, 2, 0, 0, 2, 2, 1, 1, 0, 1, 0, 0, 2, 1, 2, 2, 0]
End Time: Seg Jul 4 17:53:58 BRT 2016 --- run in 0:11:16 ---

==> run_hypdp_cluster.sh.o199004 <==
Best: -38.0 	[1,2,1,1,1,0,2,2,1,1,0,0,2,0,0,2,1,1,0,0,2,2,1,2,1,0,2,0,1,0,2,1,0,0,1,1,2,1,1,1,0,2,2,1,2,0,2,2,0,1,0,0,2,0,1,1,0,2,1,0,0,2,2,1,1,1,1,0,0,2,1,0,1,0,2,0,2,2,1,0,0,2,1,0,2,2,1,1,1,2,2,1,0,0,2,0,2,2]
-38.0:[1, 2, 1, 1, 1, 0, 2, 2, 1, 1, 0, 0, 2, 0, 0, 2, 1, 1, 0, 0, 2, 2, 1, 2, 1, 0, 2, 0, 1, 0, 2, 1, 0, 0, 1, 1, 2, 1, 1, 1, 0, 2, 2, 1, 2, 0, 2, 2, 0, 1, 0, 0, 2, 0, 1, 1, 0, 2, 1, 0, 0, 2, 2, 1, 1, 1, 1, 0, 0, 2, 1, 0, 1, 0, 2, 0, 2, 2, 1, 0, 0, 2, 1, 0, 2, 2, 1, 1, 1, 2, 2, 1, 0, 0, 2, 0, 2, 2]
End Time: Seg Jul 4 18:00:19 BRT 2016 --- run in 0:16:52 ---

==> run_hypdp_cluster.sh.o199005 <==
Best: -37.0 	[0,1,1,1,0,0,2,1,1,1,2,2,0,2,2,0,0,2,1,0,1,2,1,0,1,2,0,1,0,0,2,2,0,0,2,0,0,1,2,2,1,1,1,0,0,1,2,2,1,1,2,1,0,0,1,1,2,0,2,1,0,2,2,1,1,1,1,2,1,2,0,0,1,2,1,0,2,2,0,0,1,2,0,0,2,0,2,0,1,1,0,0,2,1,0,0,2,2]
-37.0:[0, 1, 1, 1, 0, 0, 2, 1, 1, 1, 2, 2, 0, 2, 2, 0, 0, 2, 1, 0, 1, 2, 1, 0, 1, 2, 0, 1, 0, 0, 2, 2, 0, 0, 2, 0, 0, 1, 2, 2, 1, 1, 1, 0, 0, 1, 2, 2, 1, 1, 2, 1, 0, 0, 1, 1, 2, 0, 2, 1, 0, 2, 2, 1, 1, 1, 1, 2, 1, 2, 0, 0, 1, 2, 1, 0, 2, 2, 0, 0, 1, 2, 0, 0, 2, 0, 2, 0, 1, 1, 0, 0, 2, 1, 0, 0, 2, 2]
End Time: Seg Jul 4 17:54:56 BRT 2016 --- run in 0:11:14 ---

==> run_hypdp_cluster.sh.o199006 <==
Best: -38.0 	[1,2,0,1,1,1,0,0,1,1,2,2,1,1,1,2,0,0,1,0,2,2,1,2,1,1,0,0,2,0,0,2,1,1,0,0,2,2,1,1,0,1,0,0,2,1,2,2,0,2,1,0,0,2,2,1,2,1,0,0,2,2,0,1,1,0,2,2,1,2,1,1,1,0,2,2,0,0,1,0,2,1,1,2,2,1,0,1,0,1,1,1,0,1,0,0,2,1]
-38.0:[1, 2, 0, 1, 1, 1, 0, 0, 1, 1, 2, 2, 1, 1, 1, 2, 0, 0, 1, 0, 2, 2, 1, 2, 1, 1, 0, 0, 2, 0, 0, 2, 1, 1, 0, 0, 2, 2, 1, 1, 0, 1, 0, 0, 2, 1, 2, 2, 0, 2, 1, 0, 0, 2, 2, 1, 2, 1, 0, 0, 2, 2, 0, 1, 1, 0, 2, 2, 1, 2, 1, 1, 1, 0, 2, 2, 0, 0, 1, 0, 2, 1, 1, 2, 2, 1, 0, 1, 0, 1, 1, 1, 0, 1, 0, 0, 2, 1]
End Time: Seg Jul 4 17:55:24 BRT 2016 --- run in 0:10:57 ---

==> run_hypdp_cluster.sh.o199007 <==
Best: -39.0 	[2,2,1,0,1,1,2,2,1,1,0,0,1,1,1,0,2,2,0,2,2,1,0,0,2,1,1,0,0,2,1,0,0,1,2,2,1,0,0,2,2,0,0,1,2,2,1,0,1,0,0,2,1,0,2,2,1,1,2,2,0,0,2,1,1,0,1,2,1,2,1,1,1,2,1,0,1,1,0,0,1,2,2,1,1,2,1,0,1,1,1,0,0,2,0,1,0,0]
-39.0:[2, 2, 1, 0, 1, 1, 2, 2, 1, 1, 0, 0, 1, 1, 1, 0, 2, 2, 0, 2, 2, 1, 0, 0, 2, 1, 1, 0, 0, 2, 1, 0, 0, 1, 2, 2, 1, 0, 0, 2, 2, 0, 0, 1, 2, 2, 1, 0, 1, 0, 0, 2, 1, 0, 2, 2, 1, 1, 2, 2, 0, 0, 2, 1, 1, 0, 1, 2, 1, 2, 1, 1, 1, 2, 1, 0, 1, 1, 0, 0, 1, 2, 2, 1, 1, 2, 1, 0, 1, 1, 1, 0, 0, 2, 0, 1, 0, 0]
End Time: Seg Jul 4 17:57:09 BRT 2016 --- run in 0:10:57 ---

==> run_hypdp_cluster.sh.o199008 <==
Best: -37.0 	[0,2,2,1,0,2,0,0,1,0,2,2,1,2,1,1,1,1,1,2,2,1,0,0,1,1,0,1,2,1,0,0,2,0,0,2,1,1,1,1,1,2,2,0,2,2,0,0,1,1,2,2,1,1,0,0,1,2,0,0,2,2,0,1,1,1,0,2,0,0,1,1,2,0,0,2,2,1,0,1,2,1,2,2,0,1,2,0,1,1,0,1,1,0,0,1,2,2]
-37.0:[0, 2, 2, 1, 0, 2, 0, 0, 1, 0, 2, 2, 1, 2, 1, 1, 1, 1, 1, 2, 2, 1, 0, 0, 1, 1, 0, 1, 2, 1, 0, 0, 2, 0, 0, 2, 1, 1, 1, 1, 1, 2, 2, 0, 2, 2, 0, 0, 1, 1, 2, 2, 1, 1, 0, 0, 1, 2, 0, 0, 2, 2, 0, 1, 1, 1, 0, 2, 0, 0, 1, 1, 2, 0, 0, 2, 2, 1, 0, 1, 2, 1, 2, 2, 0, 1, 2, 0, 1, 1, 0, 1, 1, 0, 0, 1, 2, 2]
End Time: Seg Jul 4 17:57:37 BRT 2016 --- run in 0:11:10 ---

==> run_hypdp_cluster.sh.o199009 <==
Best: -36.0 	[0,2,2,1,0,2,0,0,1,1,2,2,0,2,2,0,1,0,0,2,2,1,0,1,2,1,0,1,0,0,2,1,1,0,0,2,2,1,1,2,2,0,0,1,1,0,0,2,2,1,1,1,1,0,0,2,2,1,1,2,2,0,0,1,0,2,2,1,1,2,1,1,1,2,0,0,2,2,0,0,1,1,2,2,0,1,1,1,1,0,0,2,1,0,0,2,0,0]
-36.0:[0, 2, 2, 1, 0, 2, 0, 0, 1, 1, 2, 2, 0, 2, 2, 0, 1, 0, 0, 2, 2, 1, 0, 1, 2, 1, 0, 1, 0, 0, 2, 1, 1, 0, 0, 2, 2, 1, 1, 2, 2, 0, 0, 1, 1, 0, 0, 2, 2, 1, 1, 1, 1, 0, 0, 2, 2, 1, 1, 2, 2, 0, 0, 1, 0, 2, 2, 1, 1, 2, 1, 1, 1, 2, 0, 0, 2, 2, 0, 0, 1, 1, 2, 2, 0, 1, 1, 1, 1, 0, 0, 2, 1, 0, 0, 2, 0, 0]
End Time: Seg Jul 4 18:02:36 BRT 2016 --- run in 0:14:34 ---

==> run_hypdp_cluster.sh.o199010 <==
Best: -37.0 	[2,1,1,1,1,1,2,2,1,1,1,0,0,1,2,1,0,1,0,0,2,2,1,2,1,0,2,1,2,2,0,0,1,0,1,1,2,2,1,0,1,1,0,1,2,0,0,1,0,1,2,2,1,0,2,2,1,1,1,1,2,1,1,1,2,0,0,2,0,1,1,0,1,1,0,0,2,2,1,2,1,1,0,0,2,0,0,2,2,1,2,0,0,1,0,2,1,2]
-37.0:[2, 1, 1, 1, 1, 1, 2, 2, 1, 1, 1, 0, 0, 1, 2, 1, 0, 1, 0, 0, 2, 2, 1, 2, 1, 0, 2, 1, 2, 2, 0, 0, 1, 0, 1, 1, 2, 2, 1, 0, 1, 1, 0, 1, 2, 0, 0, 1, 0, 1, 2, 2, 1, 0, 2, 2, 1, 1, 1, 1, 2, 1, 1, 1, 2, 0, 0, 2, 0, 1, 1, 0, 1, 1, 0, 0, 2, 2, 1, 2, 1, 1, 0, 0, 2, 0, 0, 2, 2, 1, 2, 0, 0, 1, 0, 2, 1, 2]
End Time: Seg Jul 4 18:03:10 BRT 2016 --- run in 0:14:53 ---

==> run_hypdp_cluster.sh.o199011 <==
Best: -36.0 	[0,0,1,2,2,1,0,0,2,1,1,1,1,2,2,1,1,0,0,1,2,1,2,2,0,0,2,0,0,2,1,0,1,0,0,2,2,1,1,2,2,0,0,1,0,1,1,0,2,0,2,2,1,0,0,2,2,1,1,2,2,0,0,1,1,2,0,2,0,1,2,2,1,1,2,0,2,0,1,0,0,2,2,0,0,2,2,0,2,0,1,0,1,1,0,0,2,2]
-36.0:[0, 0, 1, 2, 2, 1, 0, 0, 2, 1, 1, 1, 1, 2, 2, 1, 1, 0, 0, 1, 2, 1, 2, 2, 0, 0, 2, 0, 0, 2, 1, 0, 1, 0, 0, 2, 2, 1, 1, 2, 2, 0, 0, 1, 0, 1, 1, 0, 2, 0, 2, 2, 1, 0, 0, 2, 2, 1, 1, 2, 2, 0, 0, 1, 1, 2, 0, 2, 0, 1, 2, 2, 1, 1, 2, 0, 2, 0, 1, 0, 0, 2, 2, 0, 0, 2, 2, 0, 2, 0, 1, 0, 1, 1, 0, 0, 2, 2]
End Time: Seg Jul 4 18:03:28 BRT 2016 --- run in 0:14:56 ---

==> run_hypdp_cluster.sh.o199012 <==
Best: -38.0 	[2,1,1,2,1,1,0,0,2,1,2,1,2,0,2,2,0,0,1,2,0,0,1,0,2,2,1,2,1,1,0,1,2,2,1,1,0,0,1,1,2,1,2,2,0,1,1,1,2,1,1,0,1,1,0,0,1,2,1,2,2,0,0,1,0,2,2,1,0,0,1,1,0,2,0,2,2,0,0,2,2,1,2,1,0,0,1,1,1,1,1,0,0,2,0,0,2,2]
-38.0:[2, 1, 1, 2, 1, 1, 0, 0, 2, 1, 2, 1, 2, 0, 2, 2, 0, 0, 1, 2, 0, 0, 1, 0, 2, 2, 1, 2, 1, 1, 0, 1, 2, 2, 1, 1, 0, 0, 1, 1, 2, 1, 2, 2, 0, 1, 1, 1, 2, 1, 1, 0, 1, 1, 0, 0, 1, 2, 1, 2, 2, 0, 0, 1, 0, 2, 2, 1, 0, 0, 1, 1, 0, 2, 0, 2, 2, 0, 0, 2, 2, 1, 2, 1, 0, 0, 1, 1, 1, 1, 1, 0, 0, 2, 0, 0, 2, 2]
End Time: Seg Jul 4 18:03:37 BRT 2016 --- run in 0:15:5 ---

==> run_hypdp_cluster.sh.o199013 <==
Best: -36.0 	[2,2,1,1,2,2,0,1,2,2,0,0,1,1,2,1,0,0,1,1,1,1,2,1,0,1,1,1,1,1,0,1,0,0,2,1,2,2,0,0,1,0,2,2,0,1,1,2,2,1,0,1,2,1,2,2,0,0,1,1,0,0,2,1,0,1,2,1,1,2,2,0,2,0,2,1,0,2,0,0,2,1,2,2,0,2,1,0,0,1,1,1,0,2,2,1,2,1]
-36.0:[2, 2, 1, 1, 2, 2, 0, 1, 2, 2, 0, 0, 1, 1, 2, 1, 0, 0, 1, 1, 1, 1, 2, 1, 0, 1, 1, 1, 1, 1, 0, 1, 0, 0, 2, 1, 2, 2, 0, 0, 1, 0, 2, 2, 0, 1, 1, 2, 2, 1, 0, 1, 2, 1, 2, 2, 0, 0, 1, 1, 0, 0, 2, 1, 0, 1, 2, 1, 1, 2, 2, 0, 2, 0, 2, 1, 0, 2, 0, 0, 2, 1, 2, 2, 0, 2, 1, 0, 0, 1, 1, 1, 0, 2, 2, 1, 2, 1]
End Time: Seg Jul 4 18:03:50 BRT 2016 --- run in 0:15:3 ---

==> run_hypdp_cluster.sh.o199014 <==
Best: -37.0 	[0,1,0,2,0,2,1,1,0,1,0,1,0,2,2,0,1,0,0,2,2,1,2,0,0,1,1,2,2,1,1,1,0,0,1,1,1,2,2,1,1,0,1,2,0,1,0,0,2,2,0,0,2,0,0,1,2,2,1,1,0,1,2,0,1,2,2,0,1,2,1,2,0,1,2,2,1,0,0,1,2,0,1,2,0,2,1,1,0,1,1,0,1,0,2,0,0,1]
-37.0:[0, 1, 0, 2, 0, 2, 1, 1, 0, 1, 0, 1, 0, 2, 2, 0, 1, 0, 0, 2, 2, 1, 2, 0, 0, 1, 1, 2, 2, 1, 1, 1, 0, 0, 1, 1, 1, 2, 2, 1, 1, 0, 1, 2, 0, 1, 0, 0, 2, 2, 0, 0, 2, 0, 0, 1, 2, 2, 1, 1, 0, 1, 2, 0, 1, 2, 2, 0, 1, 2, 1, 2, 0, 1, 2, 2, 1, 0, 0, 1, 2, 0, 1, 2, 0, 2, 1, 1, 0, 1, 1, 0, 1, 0, 2, 0, 0, 1]
End Time: Seg Jul 4 18:03:34 BRT 2016 --- run in 0:14:47 ---

==> run_hypdp_cluster.sh.o199015 <==
Best: -38.0 	[1,1,1,1,0,0,2,2,1,1,0,2,2,0,2,2,1,1,0,0,1,1,2,2,1,1,1,1,0,1,2,2,0,0,1,1,0,0,2,1,0,1,2,2,1,1,2,1,0,0,1,1,1,0,0,2,1,1,2,2,0,2,1,1,1,1,1,1,2,0,2,2,1,1,1,0,1,1,0,0,2,2,0,2,2,1,1,0,0,1,1,2,2,1,1,1,2,1]
-38.0:[1, 1, 1, 1, 0, 0, 2, 2, 1, 1, 0, 2, 2, 0, 2, 2, 1, 1, 0, 0, 1, 1, 2, 2, 1, 1, 1, 1, 0, 1, 2, 2, 0, 0, 1, 1, 0, 0, 2, 1, 0, 1, 2, 2, 1, 1, 2, 1, 0, 0, 1, 1, 1, 0, 0, 2, 1, 1, 2, 2, 0, 2, 1, 1, 1, 1, 1, 1, 2, 0, 2, 2, 1, 1, 1, 0, 1, 1, 0, 0, 2, 2, 0, 2, 2, 1, 1, 0, 0, 1, 1, 2, 2, 1, 1, 1, 2, 1]
End Time: Seg Jul 4 18:03:07 BRT 2016 --- run in 0:14:5 ---

==> run_hypdp_cluster.sh.o199016 <==
Best: -36.0 	[0,1,1,0,0,1,2,2,1,0,1,1,0,1,0,0,2,2,1,1,1,2,2,1,0,1,1,1,0,0,2,0,0,2,2,1,0,2,0,2,2,1,0,0,2,1,2,2,0,1,2,2,0,0,2,0,0,1,1,1,2,2,1,1,0,1,0,0,2,1,1,1,0,0,2,1,0,2,2,1,2,1,0,0,1,1,0,2,1,1,0,2,0,0,1,0,2,1]
-36.0:[0, 1, 1, 0, 0, 1, 2, 2, 1, 0, 1, 1, 0, 1, 0, 0, 2, 2, 1, 1, 1, 2, 2, 1, 0, 1, 1, 1, 0, 0, 2, 0, 0, 2, 2, 1, 0, 2, 0, 2, 2, 1, 0, 0, 2, 1, 2, 2, 0, 1, 2, 2, 0, 0, 2, 0, 0, 1, 1, 1, 2, 2, 1, 1, 0, 1, 0, 0, 2, 1, 1, 1, 0, 0, 2, 1, 0, 2, 2, 1, 2, 1, 0, 0, 1, 1, 0, 2, 1, 1, 0, 2, 0, 0, 1, 0, 2, 1]
End Time: Seg Jul 4 18:03:43 BRT 2016 --- run in 0:14:41 ---

==> run_hypdp_cluster.sh.o199017 <==
Best: -39.0 	[1,1,0,2,0,2,0,0,2,2,0,2,1,1,0,1,1,2,2,1,1,1,1,2,2,0,0,1,0,1,1,0,1,1,1,1,1,1,1,1,0,2,2,1,2,1,1,1,0,0,2,2,0,2,2,0,2,2,0,0,1,0,2,0,0,2,0,2,0,1,1,0,2,0,1,2,2,0,0,2,1,2,0,0,1,0,1,2,1,1,1,0,1,0,2,1,0,0]
-39.0:[1, 1, 0, 2, 0, 2, 0, 0, 2, 2, 0, 2, 1, 1, 0, 1, 1, 2, 2, 1, 1, 1, 1, 2, 2, 0, 0, 1, 0, 1, 1, 0, 1, 1, 1, 1, 1, 1, 1, 1, 0, 2, 2, 1, 2, 1, 1, 1, 0, 0, 2, 2, 0, 2, 2, 0, 2, 2, 0, 0, 1, 0, 2, 0, 0, 2, 0, 2, 0, 1, 1, 0, 2, 0, 1, 2, 2, 0, 0, 2, 1, 2, 0, 0, 1, 0, 1, 2, 1, 1, 1, 0, 1, 0, 2, 1, 0, 0]
End Time: Seg Jul 4 18:00:23 BRT 2016 --- run in 0:10:56 ---

==> run_hypdp_cluster.sh.o199018 <==
Best: -39.0 	[1,1,0,2,0,2,0,0,1,2,1,2,2,0,1,2,1,0,1,0,0,2,2,1,2,0,0,1,1,1,1,1,0,1,0,0,2,2,0,0,2,2,1,1,1,2,2,1,0,0,1,1,2,2,0,1,2,2,1,0,0,1,2,1,1,1,1,1,2,1,1,0,0,2,2,0,0,2,2,1,2,0,0,1,1,0,0,2,2,1,0,1,0,0,2,2,0,1]
-39.0:[1, 1, 0, 2, 0, 2, 0, 0, 1, 2, 1, 2, 2, 0, 1, 2, 1, 0, 1, 0, 0, 2, 2, 1, 2, 0, 0, 1, 1, 1, 1, 1, 0, 1, 0, 0, 2, 2, 0, 0, 2, 2, 1, 1, 1, 2, 2, 1, 0, 0, 1, 1, 2, 2, 0, 1, 2, 2, 1, 0, 0, 1, 2, 1, 1, 1, 1, 1, 2, 1, 1, 0, 0, 2, 2, 0, 0, 2, 2, 1, 2, 0, 0, 1, 1, 0, 0, 2, 2, 1, 0, 1, 0, 0, 2, 2, 0, 1]
End Time: Seg Jul 4 18:00:22 BRT 2016 --- run in 0:10:55 ---
