==> run_hypdp_cluster.sh.o199139 <==
Best: -29.0 	[1,0,0,1,1,0,1,0,1,1,2,2,1,0,2,0,0,2,0,1,1,0,0,1,2,2,1,1,0,0,2,2,0,0,2,2,1,0,0,2,1,0,1,1,2,0,1,1,0,1,0,0,2,2,0,1,1,2,2,1,1,1]
-29.0:[1, 0, 0, 1, 1, 0, 1, 0, 1, 1, 2, 2, 1, 0, 2, 0, 0, 2, 0, 1, 1, 0, 0, 1, 2, 2, 1, 1, 0, 0, 2, 2, 0, 0, 2, 2, 1, 0, 0, 2, 1, 0, 1, 1, 2, 0, 1, 1, 0, 1, 0, 0, 2, 2, 0, 1, 1, 2, 2, 1, 1, 1]
End Time: Ter Jul 5 04:13:00 BRT 2016 --- run in 1:45:48 ---

==> run_hypdp_cluster.sh.o199140 <==
Best: -32.0 	[2,0,0,2,2,1,2,1,0,1,1,1,2,2,0,2,2,0,0,2,2,0,0,1,2,2,0,2,0,2,1,2,0,0,2,2,0,2,2,0,0,1,2,1,1,1,2,0,2,2,1,2,0,1,0,0,2,1,0,0,2,1]
-32.0:[2, 0, 0, 2, 2, 1, 2, 1, 0, 1, 1, 1, 2, 2, 0, 2, 2, 0, 0, 2, 2, 0, 0, 1, 2, 2, 0, 2, 0, 2, 1, 2, 0, 0, 2, 2, 0, 2, 2, 0, 0, 1, 2, 1, 1, 1, 2, 0, 2, 2, 1, 2, 0, 1, 0, 0, 2, 1, 0, 0, 2, 1]
End Time: Ter Jul 5 04:17:17 BRT 2016 --- run in 1:50:4 ---

==> run_hypdp_cluster.sh.o199141 <==
Best: -32.0 	[0,0,2,2,0,0,2,2,0,0,1,0,1,1,2,0,0,2,2,0,0,1,1,1,0,1,1,1,1,1,2,2,1,1,1,0,1,1,0,2,1,1,0,1,1,0,1,1,1,1,0,1,1,0,0,2,1,1,0,0,1,1]
-32.0:[0, 0, 2, 2, 0, 0, 2, 2, 0, 0, 1, 0, 1, 1, 2, 0, 0, 2, 2, 0, 0, 1, 1, 1, 0, 1, 1, 1, 1, 1, 2, 2, 1, 1, 1, 0, 1, 1, 0, 2, 1, 1, 0, 1, 1, 0, 1, 1, 1, 1, 0, 1, 1, 0, 0, 2, 1, 1, 0, 0, 1, 1]
End Time: Ter Jul 5 04:16:20 BRT 2016 --- run in 1:49:7 ---

==> run_hypdp_cluster.sh.o199142 <==
Best: -30.0 	[1,0,0,2,0,0,2,1,2,2,0,0,1,1,0,1,1,0,2,0,0,2,2,0,1,2,0,0,2,1,0,0,2,2,1,0,1,0,0,2,1,2,0,1,2,0,1,1,1,2,0,0,1,1,2,1,2,2,0,0,2,2]
-30.0:[1, 0, 0, 2, 0, 0, 2, 1, 2, 2, 0, 0, 1, 1, 0, 1, 1, 0, 2, 0, 0, 2, 2, 0, 1, 2, 0, 0, 2, 1, 0, 0, 2, 2, 1, 0, 1, 0, 0, 2, 1, 2, 0, 1, 2, 0, 1, 1, 1, 2, 0, 0, 1, 1, 2, 1, 2, 2, 0, 0, 2, 2]
End Time: Ter Jul 5 04:13:18 BRT 2016 --- run in 1:46:6 ---

==> run_hypdp_cluster.sh.o199143 <==
Best: -33.0 	[0,1,1,0,0,1,2,2,1,1,1,0,0,1,2,0,0,2,2,0,0,1,2,0,1,2,1,0,1,1,0,1,2,1,0,0,1,2,1,1,1,1,0,1,1,1,0,0,1,1,2,1,1,1,1,1,2,2,1,1,1,1]
-33.0:[0, 1, 1, 0, 0, 1, 2, 2, 1, 1, 1, 0, 0, 1, 2, 0, 0, 2, 2, 0, 0, 1, 2, 0, 1, 2, 1, 0, 1, 1, 0, 1, 2, 1, 0, 0, 1, 2, 1, 1, 1, 1, 0, 1, 1, 1, 0, 0, 1, 1, 2, 1, 1, 1, 1, 1, 2, 2, 1, 1, 1, 1]
End Time: Ter Jul 5 04:14:50 BRT 2016 --- run in 1:47:38 ---

==> run_hypdp_cluster.sh.o199144 <==
Best: -31.0 	[0,2,1,2,2,0,2,0,2,2,0,2,0,2,1,2,2,0,0,1,2,2,0,1,1,1,2,2,0,0,2,2,1,0,2,0,1,1,1,1,1,2,2,0,0,2,2,1,1,1,2,2,1,0,0,1,1,0,1,2,0,0]
-31.0:[0, 2, 1, 2, 2, 0, 2, 0, 2, 2, 0, 2, 0, 2, 1, 2, 2, 0, 0, 1, 2, 2, 0, 1, 1, 1, 2, 2, 0, 0, 2, 2, 1, 0, 2, 0, 1, 1, 1, 1, 1, 2, 2, 0, 0, 2, 2, 1, 1, 1, 2, 2, 1, 0, 0, 1, 1, 0, 1, 2, 0, 0]
End Time: Ter Jul 5 04:14:00 BRT 2016 --- run in 1:46:47 ---

==> run_hypdp_cluster.sh.o199145 <==
Best: -31.0 	[1,1,1,2,2,1,1,1,1,1,2,2,0,2,1,1,1,1,0,2,2,0,0,2,2,1,1,1,1,1,2,2,1,1,1,0,0,1,1,1,1,2,1,0,1,2,2,0,2,2,0,2,1,0,1,0,0,2,2,0,0,1]
-31.0:[1, 1, 1, 2, 2, 1, 1, 1, 1, 1, 2, 2, 0, 2, 1, 1, 1, 1, 0, 2, 2, 0, 0, 2, 2, 1, 1, 1, 1, 1, 2, 2, 1, 1, 1, 0, 0, 1, 1, 1, 1, 2, 1, 0, 1, 2, 2, 0, 2, 2, 0, 2, 1, 0, 1, 0, 0, 2, 2, 0, 0, 1]
End Time: Ter Jul 5 04:16:17 BRT 2016 --- run in 1:49:4 ---

==> run_hypdp_cluster.sh.o199146 <==
Best: -31.0 	[0,2,2,0,0,1,0,1,1,0,2,2,1,2,0,2,2,0,1,1,2,0,1,1,2,2,1,1,0,1,0,1,1,1,2,2,1,1,1,0,1,2,2,0,0,1,2,1,1,2,2,1,0,0,2,2,1,1,0,0,1,1]
-31.0:[0, 2, 2, 0, 0, 1, 0, 1, 1, 0, 2, 2, 1, 2, 0, 2, 2, 0, 1, 1, 2, 0, 1, 1, 2, 2, 1, 1, 0, 1, 0, 1, 1, 1, 2, 2, 1, 1, 1, 0, 1, 2, 2, 0, 0, 1, 2, 1, 1, 2, 2, 1, 0, 0, 2, 2, 1, 1, 0, 0, 1, 1]
End Time: Ter Jul 5 04:16:54 BRT 2016 --- run in 1:49:41 ---

==> run_hypdp_cluster.sh.o199147 <==
Best: -32.0 	[2,2,1,2,0,0,1,0,1,2,0,0,2,0,1,1,0,1,2,0,0,2,2,0,0,2,0,0,2,1,1,0,2,2,0,0,2,1,0,2,1,1,0,0,2,1,0,1,1,1,0,2,0,0,2,0,0,2,1,0,0,1]
-32.0:[2, 2, 1, 2, 0, 0, 1, 0, 1, 2, 0, 0, 2, 0, 1, 1, 0, 1, 2, 0, 0, 2, 2, 0, 0, 2, 0, 0, 2, 1, 1, 0, 2, 2, 0, 0, 2, 1, 0, 2, 1, 1, 0, 0, 2, 1, 0, 1, 1, 1, 0, 2, 0, 0, 2, 0, 0, 2, 1, 0, 0, 1]
End Time: Ter Jul 5 04:13:23 BRT 2016 --- run in 1:46:11 ---

==> run_hypdp_cluster.sh.o199148 <==
Best: -31.0 	[2,2,0,0,2,2,1,2,1,1,0,0,2,1,1,0,0,1,1,2,2,1,1,0,1,1,0,1,1,1,0,0,1,1,2,2,1,1,1,1,2,0,0,2,2,0,0,2,0,1,0,0,2,1,2,2,0,0,2,1,0,1]
-31.0:[2, 2, 0, 0, 2, 2, 1, 2, 1, 1, 0, 0, 2, 1, 1, 0, 0, 1, 1, 2, 2, 1, 1, 0, 1, 1, 0, 1, 1, 1, 0, 0, 1, 1, 2, 2, 1, 1, 1, 1, 2, 0, 0, 2, 2, 0, 0, 2, 0, 1, 0, 0, 2, 1, 2, 2, 0, 0, 2, 1, 0, 1]
End Time: Ter Jul 5 04:14:58 BRT 2016 --- run in 1:47:45 ---

==> run_hypdp_cluster.sh.o199149 <==
Best: -32.0 	[0,1,0,0,2,2,0,0,1,0,2,0,1,1,1,0,0,2,1,1,0,1,2,0,0,2,1,0,1,1,2,2,1,1,0,1,2,0,0,2,0,1,1,1,1,0,2,0,0,2,0,1,1,1,0,1,0,1,1,0,0,1]
-32.0:[0, 1, 0, 0, 2, 2, 0, 0, 1, 0, 2, 0, 1, 1, 1, 0, 0, 2, 1, 1, 0, 1, 2, 0, 0, 2, 1, 0, 1, 1, 2, 2, 1, 1, 0, 1, 2, 0, 0, 2, 0, 1, 1, 1, 1, 0, 2, 0, 0, 2, 0, 1, 1, 1, 0, 1, 0, 1, 1, 0, 0, 1]
End Time: Ter Jul 5 04:13:26 BRT 2016 --- run in 1:46:13 ---

==> run_hypdp_cluster.sh.o199150 <==
Best: -31.0 	[1,2,2,0,0,2,2,1,2,1,0,1,0,2,1,2,2,0,1,1,2,0,0,2,2,0,2,2,0,1,1,2,1,0,1,2,1,0,1,2,1,2,2,0,0,2,2,1,1,0,1,2,1,0,1,0,0,2,2,0,2,2]
-31.0:[1, 2, 2, 0, 0, 2, 2, 1, 2, 1, 0, 1, 0, 2, 1, 2, 2, 0, 1, 1, 2, 0, 0, 2, 2, 0, 2, 2, 0, 1, 1, 2, 1, 0, 1, 2, 1, 0, 1, 2, 1, 2, 2, 0, 0, 2, 2, 1, 1, 0, 1, 2, 1, 0, 1, 0, 0, 2, 2, 0, 2, 2]
End Time: Ter Jul 5 04:16:49 BRT 2016 --- run in 1:49:36 ---

==> run_hypdp_cluster.sh.o199151 <==
Best: -30.0 	[1,0,1,0,0,2,2,1,2,1,1,0,1,1,0,0,1,2,2,0,0,2,0,1,1,1,1,0,1,2,0,1,1,2,0,0,2,1,2,1,1,0,0,1,1,1,0,2,0,0,2,1,1,2,2,1,0,1,0,0,2,2]
-30.0:[1, 0, 1, 0, 0, 2, 2, 1, 2, 1, 1, 0, 1, 1, 0, 0, 1, 2, 2, 0, 0, 2, 0, 1, 1, 1, 1, 0, 1, 2, 0, 1, 1, 2, 0, 0, 2, 1, 2, 1, 1, 0, 0, 1, 1, 1, 0, 2, 0, 0, 2, 1, 1, 2, 2, 1, 0, 1, 0, 0, 2, 2]
End Time: Ter Jul 5 04:16:28 BRT 2016 --- run in 1:49:15 ---

==> run_hypdp_cluster.sh.o199152 <==
Best: -32.0 	[2,2,0,2,1,1,0,0,1,1,1,0,2,2,1,2,1,1,0,2,2,0,1,2,1,1,2,0,1,0,2,2,0,0,2,2,1,1,1,1,1,1,2,1,1,2,2,1,0,1,0,0,2,2,1,0,1,2,2,1,1,2]
-32.0:[2, 2, 0, 2, 1, 1, 0, 0, 1, 1, 1, 0, 2, 2, 1, 2, 1, 1, 0, 2, 2, 0, 1, 2, 1, 1, 2, 0, 1, 0, 2, 2, 0, 0, 2, 2, 1, 1, 1, 1, 1, 1, 2, 1, 1, 2, 2, 1, 0, 1, 0, 0, 2, 2, 1, 0, 1, 2, 2, 1, 1, 2]
End Time: Ter Jul 5 04:13:09 BRT 2016 --- run in 1:45:57 ---

==> run_hypdp_cluster.sh.o199153 <==
Best: -31.0 	[1,0,0,1,1,0,1,0,1,1,1,1,2,2,0,2,2,0,0,2,2,0,1,1,1,0,2,2,1,2,1,1,0,1,1,2,0,2,2,0,1,0,1,2,0,1,2,2,1,0,2,1,2,0,0,2,2,1,2,1,1,2]
-31.0:[1, 0, 0, 1, 1, 0, 1, 0, 1, 1, 1, 1, 2, 2, 0, 2, 2, 0, 0, 2, 2, 0, 1, 1, 1, 0, 2, 2, 1, 2, 1, 1, 0, 1, 1, 2, 0, 2, 2, 0, 1, 0, 1, 2, 0, 1, 2, 2, 1, 0, 2, 1, 2, 0, 0, 2, 2, 1, 2, 1, 1, 2]
End Time: Ter Jul 5 04:15:57 BRT 2016 --- run in 1:48:44 ---

==> run_hypdp_cluster.sh.o199154 <==
Best: -31.0 	[1,2,1,1,2,2,1,0,0,2,0,0,2,0,2,0,0,2,0,2,0,0,2,1,1,1,0,0,2,2,0,0,2,1,0,0,2,2,1,1,2,0,0,2,1,0,0,2,1,1,0,0,2,0,0,2,2,1,2,1,1,2]
-31.0:[1, 2, 1, 1, 2, 2, 1, 0, 0, 2, 0, 0, 2, 0, 2, 0, 0, 2, 0, 2, 0, 0, 2, 1, 1, 1, 0, 0, 2, 2, 0, 0, 2, 1, 0, 0, 2, 2, 1, 1, 2, 0, 0, 2, 1, 0, 0, 2, 1, 1, 0, 0, 2, 0, 0, 2, 2, 1, 2, 1, 1, 2]
End Time: Ter Jul 5 04:17:31 BRT 2016 --- run in 1:50:18 ---

==> run_hypdp_cluster.sh.o199155 <==
Best: -34.0 	[2,2,1,1,0,1,0,0,2,1,2,2,0,2,0,2,2,0,1,2,2,0,0,2,2,0,2,1,0,0,2,1,2,1,1,1,0,2,2,0,0,2,2,1,1,1,2,0,2,2,0,2,2,1,0,0,1,1,0,2,2,0]
-34.0:[2, 2, 1, 1, 0, 1, 0, 0, 2, 1, 2, 2, 0, 2, 0, 2, 2, 0, 1, 2, 2, 0, 0, 2, 2, 0, 2, 1, 0, 0, 2, 1, 2, 1, 1, 1, 0, 2, 2, 0, 0, 2, 2, 1, 1, 1, 2, 0, 2, 2, 0, 2, 2, 1, 0, 0, 1, 1, 0, 2, 2, 0]
End Time: Ter Jul 5 04:49:18 BRT 2016 --- run in 2:22:31 ---

==> run_hypdp_cluster.sh.o199156 <==
Best: -31.0 	[1,0,0,1,2,1,2,2,0,1,2,1,1,2,0,2,2,0,0,2,2,1,1,1,1,1,2,1,0,0,2,2,0,1,1,1,1,2,1,1,1,2,2,0,0,2,2,0,1,1,2,1,2,1,1,1,1,2,2,1,1,1]
-31.0:[1, 0, 0, 1, 2, 1, 2, 2, 0, 1, 2, 1, 1, 2, 0, 2, 2, 0, 0, 2, 2, 1, 1, 1, 1, 1, 2, 1, 0, 0, 2, 2, 0, 1, 1, 1, 1, 2, 1, 1, 1, 2, 2, 0, 0, 2, 2, 0, 1, 1, 2, 1, 2, 1, 1, 1, 1, 2, 2, 1, 1, 1]
End Time: Ter Jul 5 04:50:31 BRT 2016 --- run in 2:23:44 ---

==> run_hypdp_cluster.sh.o199157 <==
Best: -34.0 	[1,2,2,1,0,0,1,1,0,1,1,0,2,2,1,2,1,0,1,2,2,1,0,1,2,0,2,2,0,0,2,2,0,0,2,2,0,2,0,1,1,2,1,1,1,2,2,0,1,1,2,0,2,1,2,2,0,1,1,2,2,1]
-34.0:[1, 2, 2, 1, 0, 0, 1, 1, 0, 1, 1, 0, 2, 2, 1, 2, 1, 0, 1, 2, 2, 1, 0, 1, 2, 0, 2, 2, 0, 0, 2, 2, 0, 0, 2, 2, 0, 2, 0, 1, 1, 2, 1, 1, 1, 2, 2, 0, 1, 1, 2, 0, 2, 1, 2, 2, 0, 1, 1, 2, 2, 1]
End Time: Ter Jul 5 04:50:17 BRT 2016 --- run in 2:23:30 ---

==> run_hypdp_cluster.sh.o199158 <==
Best: -32.0 	[2,2,1,0,0,1,1,1,1,1,2,2,1,1,0,2,2,0,0,2,2,0,1,2,2,0,1,2,0,1,2,2,0,1,0,0,2,2,0,0,1,2,2,1,0,2,2,1,1,1,1,0,1,2,2,1,1,0,0,1,1,1]
-32.0:[2, 2, 1, 0, 0, 1, 1, 1, 1, 1, 2, 2, 1, 1, 0, 2, 2, 0, 0, 2, 2, 0, 1, 2, 2, 0, 1, 2, 0, 1, 2, 2, 0, 1, 0, 0, 2, 2, 0, 0, 1, 2, 2, 1, 0, 2, 2, 1, 1, 1, 1, 0, 1, 2, 2, 1, 1, 0, 0, 1, 1, 1]
End Time: Ter Jul 5 04:50:18 BRT 2016 --- run in 2:23:31 ---

==> run_hypdp_cluster.sh.o199159 <==
Best: -30.0 	[2,1,0,0,2,0,0,2,0,1,1,0,2,0,2,0,0,2,0,0,1,2,2,1,0,1,1,0,2,1,0,0,2,2,1,0,1,0,0,2,1,2,0,1,2,1,0,0,1,2,1,1,2,2,1,0,0,1,2,2,1,1]
-30.0:[2, 1, 0, 0, 2, 0, 0, 2, 0, 1, 1, 0, 2, 0, 2, 0, 0, 2, 0, 0, 1, 2, 2, 1, 0, 1, 1, 0, 2, 1, 0, 0, 2, 2, 1, 0, 1, 0, 0, 2, 1, 2, 0, 1, 2, 1, 0, 0, 1, 2, 1, 1, 2, 2, 1, 0, 0, 1, 2, 2, 1, 1]
End Time: Ter Jul 5 04:51:18 BRT 2016 --- run in 2:23:46 ---

==> run_hypdp_cluster.sh.o199160 <==
Best: -30.0 	[1,1,1,2,0,0,2,0,2,2,1,2,0,2,1,1,2,0,0,2,2,0,0,2,2,1,1,1,1,1,2,1,0,1,2,1,1,2,2,1,0,0,2,1,2,2,0,1,0,0,2,0,1,1,1,0,0,2,2,1,2,0]
-30.0:[1, 1, 1, 2, 0, 0, 2, 0, 2, 2, 1, 2, 0, 2, 1, 1, 2, 0, 0, 2, 2, 0, 0, 2, 2, 1, 1, 1, 1, 1, 2, 1, 0, 1, 2, 1, 1, 2, 2, 1, 0, 0, 2, 1, 2, 2, 0, 1, 0, 0, 2, 0, 1, 1, 1, 0, 0, 2, 2, 1, 2, 0]
End Time: Ter Jul 5 04:51:35 BRT 2016 --- run in 2:23:3 ---

==> run_hypdp_cluster.sh.o199161 <==
Best: -33.0 	[1,1,0,1,0,0,2,1,2,2,0,0,1,0,2,0,0,2,2,0,0,1,2,0,0,2,1,1,0,1,2,2,1,1,0,0,2,0,0,2,1,1,0,2,2,0,0,2,0,1,0,0,2,1,2,2,0,2,0,1,0,0]
-33.0:[1, 1, 0, 1, 0, 0, 2, 1, 2, 2, 0, 0, 1, 0, 2, 0, 0, 2, 2, 0, 0, 1, 2, 0, 0, 2, 1, 1, 0, 1, 2, 2, 1, 1, 0, 0, 2, 0, 0, 2, 1, 1, 0, 2, 2, 0, 0, 2, 0, 1, 0, 0, 2, 1, 2, 2, 0, 2, 0, 1, 0, 0]
End Time: Ter Jul 5 04:53:52 BRT 2016 --- run in 2:23:50 ---

==> run_hypdp_cluster.sh.o199162 <==
Best: -31.0 	[0,1,0,0,2,1,1,0,0,1,2,2,1,0,2,2,1,1,0,0,2,1,1,2,2,0,2,1,0,1,2,1,1,1,0,0,1,2,2,1,1,2,1,0,0,2,2,0,2,1,2,2,0,1,1,1,1,1,0,0,1,1]
-31.0:[0, 1, 0, 0, 2, 1, 1, 0, 0, 1, 2, 2, 1, 0, 2, 2, 1, 1, 0, 0, 2, 1, 1, 2, 2, 0, 2, 1, 0, 1, 2, 1, 1, 1, 0, 0, 1, 2, 2, 1, 1, 2, 1, 0, 0, 2, 2, 0, 2, 1, 2, 2, 0, 1, 1, 1, 1, 1, 0, 0, 1, 1]
End Time: Ter Jul 5 04:53:33 BRT 2016 --- run in 2:23:16 ---

==> run_hypdp_cluster.sh.o199163 <==
Best: -33.0 	[0,0,1,1,1,2,2,1,1,0,0,1,1,1,1,0,0,2,2,0,0,1,2,0,0,2,2,0,2,1,0,0,1,2,0,1,2,0,0,1,2,1,1,1,1,0,1,1,0,2,0,0,1,0,2,2,1,2,1,1,1,2]
-33.0:[0, 0, 1, 1, 1, 2, 2, 1, 1, 0, 0, 1, 1, 1, 1, 0, 0, 2, 2, 0, 0, 1, 2, 0, 0, 2, 2, 0, 2, 1, 0, 0, 1, 2, 0, 1, 2, 0, 0, 1, 2, 1, 1, 1, 1, 0, 1, 1, 0, 2, 0, 0, 1, 0, 2, 2, 1, 2, 1, 1, 1, 2]
End Time: Ter Jul 5 05:14:52 BRT 2016 --- run in 2:23:5 ---

==> run_hypdp_cluster.sh.o199164 <==
Best: -31.0 	[2,2,0,0,2,2,1,2,1,1,1,2,0,1,1,1,1,0,0,2,2,0,2,2,1,0,2,1,1,1,2,2,0,0,2,1,0,2,2,0,0,2,2,0,0,2,2,1,2,1,0,2,2,0,0,2,2,0,0,2,1,0]
-31.0:[2, 2, 0, 0, 2, 2, 1, 2, 1, 1, 1, 2, 0, 1, 1, 1, 1, 0, 0, 2, 2, 0, 2, 2, 1, 0, 2, 1, 1, 1, 2, 2, 0, 0, 2, 1, 0, 2, 2, 0, 0, 2, 2, 0, 0, 2, 2, 1, 2, 1, 0, 2, 2, 0, 0, 2, 2, 0, 0, 2, 1, 0]
End Time: Ter Jul 5 04:47:00 BRT 2016 --- run in 1:48:33 ---

==> run_hypdp_cluster.sh.o199165 <==
Best: -31.0 	[2,0,0,1,0,1,1,0,1,0,2,0,1,1,0,1,1,1,1,0,0,2,2,0,0,2,2,0,0,2,0,0,2,2,0,0,2,0,2,1,1,1,0,1,1,1,1,0,1,1,0,1,1,1,0,1,0,1,1,0,0,1]
-31.0:[2, 0, 0, 1, 0, 1, 1, 0, 1, 0, 2, 0, 1, 1, 0, 1, 1, 1, 1, 0, 0, 2, 2, 0, 0, 2, 2, 0, 0, 2, 0, 0, 2, 2, 0, 0, 2, 0, 2, 1, 1, 1, 0, 1, 1, 1, 1, 0, 1, 1, 0, 1, 1, 1, 0, 1, 0, 1, 1, 0, 0, 1]
End Time: Ter Jul 5 05:58:22 BRT 2016 --- run in 2:21:20 ---

==> run_hypdp_cluster.sh.o199166 <==
Best: -32.0 	[2,2,1,2,1,2,1,0,0,2,0,0,2,0,2,0,0,2,2,0,0,1,2,0,1,2,0,0,2,1,1,0,2,1,0,0,2,2,0,0,2,0,1,1,2,0,0,1,1,1,0,0,2,0,2,2,1,2,0,2,1,1]
-32.0:[2, 2, 1, 2, 1, 2, 1, 0, 0, 2, 0, 0, 2, 0, 2, 0, 0, 2, 2, 0, 0, 1, 2, 0, 1, 2, 0, 0, 2, 1, 1, 0, 2, 1, 0, 0, 2, 2, 0, 0, 2, 0, 1, 1, 2, 0, 0, 1, 1, 1, 0, 0, 2, 0, 2, 2, 1, 2, 0, 2, 1, 1]
End Time: Ter Jul 5 05:30:12 BRT 2016 --- run in 1:46:0 ---

==> run_hypdp_cluster.sh.o199167 <==
Best: -31.0 	[1,1,0,1,0,0,2,1,2,2,0,0,1,1,2,0,0,1,1,0,0,2,2,1,1,2,0,0,1,2,1,0,1,2,0,2,1,0,0,1,2,0,0,2,2,1,0,1,0,0,2,2,0,0,1,2,1,2,2,0,0,1]
-31.0:[1, 1, 0, 1, 0, 0, 2, 1, 2, 2, 0, 0, 1, 1, 2, 0, 0, 1, 1, 0, 0, 2, 2, 1, 1, 2, 0, 0, 1, 2, 1, 0, 1, 2, 0, 2, 1, 0, 0, 1, 2, 0, 0, 2, 2, 1, 0, 1, 0, 0, 2, 2, 0, 0, 1, 2, 1, 2, 2, 0, 0, 1]
End Time: Ter Jul 5 05:58:52 BRT 2016 --- run in 1:45:40 ---

==> run_hypdp_cluster.sh.o199168 <==
Best: -30.0 	[1,1,1,0,0,1,1,1,2,2,0,1,1,2,1,1,2,2,1,0,1,0,0,2,2,0,2,1,1,1,2,2,0,1,1,1,0,2,2,1,0,1,2,1,1,1,2,0,1,1,2,2,1,1,0,2,2,1,0,0,2,2]
-30.0:[1, 1, 1, 0, 0, 1, 1, 1, 2, 2, 0, 1, 1, 2, 1, 1, 2, 2, 1, 0, 1, 0, 0, 2, 2, 0, 2, 1, 1, 1, 2, 2, 0, 1, 1, 1, 0, 2, 2, 1, 0, 1, 2, 1, 1, 1, 2, 0, 1, 1, 2, 2, 1, 1, 0, 2, 2, 1, 0, 0, 2, 2]
End Time: Ter Jul 5 05:59:22 BRT 2016 --- run in 1:46:10 ---
