==> run_hypdp_cluster.sh.o199289 <==
Best: -38.0 	[2,0,0,1,2,2,1,1,1,2,0,0,2,0,1,0,0,2,1,1,2,2,1,0,2,1,0,1,1,1,0,0,1,1,2,1,0,2,2,0,2,2,1,1,0,0,1,2,1,0,2,1,2,1,0,1,1,1,0,0,2,2,1,1,1,0,0,1,2,0,0,2,1,2,2,0,2,0,0,2,0,2,0,2,2,1,2,0,2,0,1,1,2,2,1,0,0,2]
-38.0:[2, 0, 0, 1, 2, 2, 1, 1, 1, 2, 0, 0, 2, 0, 1, 0, 0, 2, 1, 1, 2, 2, 1, 0, 2, 1, 0, 1, 1, 1, 0, 0, 1, 1, 2, 1, 0, 2, 2, 0, 2, 2, 1, 1, 0, 0, 1, 2, 1, 0, 2, 1, 2, 1, 0, 1, 1, 1, 0, 0, 2, 2, 1, 1, 1, 0, 0, 1, 2, 0, 0, 2, 1, 2, 2, 0, 2, 0, 0, 2, 0, 2, 0, 2, 2, 1, 2, 0, 2, 0, 1, 1, 2, 2, 1, 0, 0, 2]
End Time: Ter Jul 5 14:44:26 BRT 2016 --- run in 2:30:39 ---

==> run_hypdp_cluster.sh.o199290 <==
Best: -41.0 	[1,2,1,2,0,0,2,1,1,1,0,0,1,1,1,1,1,2,2,0,2,2,0,1,1,1,1,1,0,1,1,2,0,1,1,2,2,0,1,1,0,0,1,2,0,2,2,1,1,1,0,1,0,1,0,2,1,2,0,1,1,0,1,0,0,2,2,1,2,0,1,2,0,2,2,0,2,2,1,0,0,2,1,0,0,2,0,1,1,1,1,1,2,2,1,1,1,1]
-41.0:[1, 2, 1, 2, 0, 0, 2, 1, 1, 1, 0, 0, 1, 1, 1, 1, 1, 2, 2, 0, 2, 2, 0, 1, 1, 1, 1, 1, 0, 1, 1, 2, 0, 1, 1, 2, 2, 0, 1, 1, 0, 0, 1, 2, 0, 2, 2, 1, 1, 1, 0, 1, 0, 1, 0, 2, 1, 2, 0, 1, 1, 0, 1, 0, 0, 2, 2, 1, 2, 0, 1, 2, 0, 2, 2, 0, 2, 2, 1, 0, 0, 2, 1, 0, 0, 2, 0, 1, 1, 1, 1, 1, 2, 2, 1, 1, 1, 1]
End Time: Ter Jul 5 14:48:48 BRT 2016 --- run in 2:33:46 ---

==> run_hypdp_cluster.sh.o199291 <==
Best: -40.0 	[1,1,1,2,0,0,1,0,1,1,2,2,1,1,0,0,1,2,2,1,1,2,1,1,1,1,1,0,0,2,0,0,2,1,2,1,0,0,1,2,1,2,2,0,0,2,2,1,1,1,0,0,1,1,1,1,0,1,1,1,2,0,2,0,0,2,0,0,1,2,2,1,1,2,1,1,2,0,2,1,1,2,0,0,1,1,0,0,2,2,1,0,1,0,0,2,2,1]
-40.0:[1, 1, 1, 2, 0, 0, 1, 0, 1, 1, 2, 2, 1, 1, 0, 0, 1, 2, 2, 1, 1, 2, 1, 1, 1, 1, 1, 0, 0, 2, 0, 0, 2, 1, 2, 1, 0, 0, 1, 2, 1, 2, 2, 0, 0, 2, 2, 1, 1, 1, 0, 0, 1, 1, 1, 1, 0, 1, 1, 1, 2, 0, 2, 0, 0, 2, 0, 0, 1, 2, 2, 1, 1, 2, 1, 1, 2, 0, 2, 1, 1, 2, 0, 0, 1, 1, 0, 0, 2, 2, 1, 0, 1, 0, 0, 2, 2, 1]
End Time: Ter Jul 5 14:38:00 BRT 2016 --- run in 2:22:43 ---

==> run_hypdp_cluster.sh.o199292 <==
Best: -40.0 	[0,1,0,0,2,2,1,2,1,1,0,0,1,2,0,0,2,1,0,0,2,2,0,2,1,1,1,1,0,2,2,1,2,1,1,1,1,0,1,1,0,0,1,2,1,1,1,1,0,1,2,0,2,2,1,1,1,2,0,0,2,2,1,1,1,2,2,1,0,0,1,1,1,0,0,2,2,0,0,1,1,1,1,2,2,1,1,1,1,0,1,1,1,0,0,1,1,2]
-40.0:[0, 1, 0, 0, 2, 2, 1, 2, 1, 1, 0, 0, 1, 2, 0, 0, 2, 1, 0, 0, 2, 2, 0, 2, 1, 1, 1, 1, 0, 2, 2, 1, 2, 1, 1, 1, 1, 0, 1, 1, 0, 0, 1, 2, 1, 1, 1, 1, 0, 1, 2, 0, 2, 2, 1, 1, 1, 2, 0, 0, 2, 2, 1, 1, 1, 2, 2, 1, 0, 0, 1, 1, 1, 0, 0, 2, 2, 0, 0, 1, 1, 1, 1, 2, 2, 1, 1, 1, 1, 0, 1, 1, 1, 0, 0, 1, 1, 2]
End Time: Ter Jul 5 14:50:33 BRT 2016 --- run in 2:33:1 ---

==> run_hypdp_cluster.sh.o199293 <==
Best: -39.0 	[1,1,2,1,0,0,1,1,1,1,0,0,1,2,1,2,2,0,0,1,1,0,0,2,2,1,0,0,2,2,1,2,1,1,1,1,1,0,1,1,0,0,1,2,1,2,2,0,0,2,1,2,2,0,0,2,1,1,2,2,0,0,2,2,0,1,0,0,2,0,1,1,1,2,2,1,1,0,2,1,2,1,0,2,1,1,0,0,2,1,1,1,2,2,1,1,0,2]
-39.0:[1, 1, 2, 1, 0, 0, 1, 1, 1, 1, 0, 0, 1, 2, 1, 2, 2, 0, 0, 1, 1, 0, 0, 2, 2, 1, 0, 0, 2, 2, 1, 2, 1, 1, 1, 1, 1, 0, 1, 1, 0, 0, 1, 2, 1, 2, 2, 0, 0, 2, 1, 2, 2, 0, 0, 2, 1, 1, 2, 2, 0, 0, 2, 2, 0, 1, 0, 0, 2, 0, 1, 1, 1, 2, 2, 1, 1, 0, 2, 1, 2, 1, 0, 2, 1, 1, 0, 0, 2, 1, 1, 1, 2, 2, 1, 1, 0, 2]
End Time: Ter Jul 5 15:12:34 BRT 2016 --- run in 2:54:32 ---

==> run_hypdp_cluster.sh.o199294 <==
Best: -42.0 	[1,1,1,1,2,2,1,1,1,1,0,0,1,1,2,2,0,0,2,2,1,2,1,0,0,1,1,1,1,2,1,2,2,0,0,1,2,1,1,1,2,2,1,1,0,0,1,1,1,1,0,0,2,1,1,1,0,1,0,0,2,2,1,1,1,2,2,1,0,0,1,1,1,0,0,2,1,2,2,0,1,2,2,0,1,1,2,2,0,0,1,2,1,2,2,0,0,1]
-42.0:[1, 1, 1, 1, 2, 2, 1, 1, 1, 1, 0, 0, 1, 1, 2, 2, 0, 0, 2, 2, 1, 2, 1, 0, 0, 1, 1, 1, 1, 2, 1, 2, 2, 0, 0, 1, 2, 1, 1, 1, 2, 2, 1, 1, 0, 0, 1, 1, 1, 1, 0, 0, 2, 1, 1, 1, 0, 1, 0, 0, 2, 2, 1, 1, 1, 2, 2, 1, 0, 0, 1, 1, 1, 0, 0, 2, 1, 2, 2, 0, 1, 2, 2, 0, 1, 1, 2, 2, 0, 0, 1, 2, 1, 2, 2, 0, 0, 1]
End Time: Ter Jul 5 14:55:30 BRT 2016 --- run in 2:37:13 ---

==> run_hypdp_cluster.sh.o199295 <==
Best: -38.0 	[2,1,2,2,0,0,1,0,1,1,2,2,1,1,1,2,1,0,1,1,0,0,1,2,2,1,1,0,2,0,0,1,2,0,0,1,2,2,1,1,1,1,1,0,0,2,2,0,0,2,0,0,1,2,0,2,1,1,2,2,1,0,0,1,2,2,0,0,2,0,2,2,1,2,0,2,1,0,0,2,1,0,2,1,0,1,0,0,2,2,1,0,1,0,0,2,1,2]
-38.0:[2, 1, 2, 2, 0, 0, 1, 0, 1, 1, 2, 2, 1, 1, 1, 2, 1, 0, 1, 1, 0, 0, 1, 2, 2, 1, 1, 0, 2, 0, 0, 1, 2, 0, 0, 1, 2, 2, 1, 1, 1, 1, 1, 0, 0, 2, 2, 0, 0, 2, 0, 0, 1, 2, 0, 2, 1, 1, 2, 2, 1, 0, 0, 1, 2, 2, 0, 0, 2, 0, 2, 2, 1, 2, 0, 2, 1, 0, 0, 2, 1, 0, 2, 1, 0, 1, 0, 0, 2, 2, 1, 0, 1, 0, 0, 2, 1, 2]
End Time: Ter Jul 5 15:00:24 BRT 2016 --- run in 2:42:7 ---

==> run_hypdp_cluster.sh.o199296 <==
Best: -39.0 	[1,1,1,1,0,0,1,1,1,1,2,2,1,1,1,0,1,0,0,2,2,0,0,2,2,1,2,1,1,0,2,2,0,2,1,1,0,1,1,0,1,0,0,2,2,1,2,1,1,1,2,1,0,2,2,1,0,0,2,1,1,2,0,2,1,2,2,0,2,0,0,2,0,0,1,2,1,0,0,2,1,0,2,0,0,2,1,1,1,0,1,2,0,0,1,0,1,2]
-39.0:[1, 1, 1, 1, 0, 0, 1, 1, 1, 1, 2, 2, 1, 1, 1, 0, 1, 0, 0, 2, 2, 0, 0, 2, 2, 1, 2, 1, 1, 0, 2, 2, 0, 2, 1, 1, 0, 1, 1, 0, 1, 0, 0, 2, 2, 1, 2, 1, 1, 1, 2, 1, 0, 2, 2, 1, 0, 0, 2, 1, 1, 2, 0, 2, 1, 2, 2, 0, 2, 0, 0, 2, 0, 0, 1, 2, 1, 0, 0, 2, 1, 0, 2, 0, 0, 2, 1, 1, 1, 0, 1, 2, 0, 0, 1, 0, 1, 2]
End Time: Ter Jul 5 14:41:40 BRT 2016 --- run in 2:20:8 ---

==> run_hypdp_cluster.sh.o199297 <==
Best: -40.0 	[0,1,2,2,0,0,1,0,1,1,2,1,1,2,1,2,2,0,0,1,1,2,1,0,0,1,1,2,0,0,2,0,0,1,2,2,1,1,1,1,0,0,1,1,2,2,1,1,0,2,1,0,0,1,1,0,2,1,2,2,0,0,1,0,2,1,2,2,0,0,1,0,2,2,1,2,1,0,0,1,2,1,0,2,2,1,2,1,0,1,1,1,2,2,1,0,0,2]
-40.0:[0, 1, 2, 2, 0, 0, 1, 0, 1, 1, 2, 1, 1, 2, 1, 2, 2, 0, 0, 1, 1, 2, 1, 0, 0, 1, 1, 2, 0, 0, 2, 0, 0, 1, 2, 2, 1, 1, 1, 1, 0, 0, 1, 1, 2, 2, 1, 1, 0, 2, 1, 0, 0, 1, 1, 0, 2, 1, 2, 2, 0, 0, 1, 0, 2, 1, 2, 2, 0, 0, 1, 0, 2, 2, 1, 2, 1, 0, 0, 1, 2, 1, 0, 2, 2, 1, 2, 1, 0, 1, 1, 1, 2, 2, 1, 0, 0, 2]
End Time: Ter Jul 5 14:12:53 BRT 2016 --- run in 1:47:40 ---

==> run_hypdp_cluster.sh.o199298 <==
Best: -39.0 	[0,0,1,0,2,2,1,2,1,1,0,0,1,1,1,0,1,1,2,2,0,2,2,0,0,2,2,1,0,2,1,0,0,1,1,2,2,1,0,1,0,0,2,1,1,2,2,0,0,1,2,1,0,1,0,2,0,0,2,2,0,0,1,0,2,2,1,0,1,2,2,1,0,2,2,1,0,1,1,0,0,2,1,1,2,1,2,0,2,0,2,1,2,2,0,2,0,2]
-39.0:[0, 0, 1, 0, 2, 2, 1, 2, 1, 1, 0, 0, 1, 1, 1, 0, 1, 1, 2, 2, 0, 2, 2, 0, 0, 2, 2, 1, 0, 2, 1, 0, 0, 1, 1, 2, 2, 1, 0, 1, 0, 0, 2, 1, 1, 2, 2, 0, 0, 1, 2, 1, 0, 1, 0, 2, 0, 0, 2, 2, 0, 0, 1, 0, 2, 2, 1, 0, 1, 2, 2, 1, 0, 2, 2, 1, 0, 1, 1, 0, 0, 2, 1, 1, 2, 1, 2, 0, 2, 0, 2, 1, 2, 2, 0, 2, 0, 2]
End Time: Ter Jul 5 14:31:27 BRT 2016 --- run in 1:45:44 ---

==> run_hypdp_cluster.sh.o199299 <==
Best: -39.0 	[1,1,2,1,0,0,1,1,1,1,2,2,1,1,0,0,1,2,2,1,1,2,1,0,1,1,1,2,0,1,0,0,2,0,1,1,1,2,1,1,2,2,1,0,1,0,0,2,1,1,2,0,2,2,1,0,1,2,0,1,1,0,1,1,0,0,1,2,2,1,1,2,0,2,2,0,2,1,1,1,1,1,1,2,2,1,0,1,1,1,1,0,0,2,0,0,2,1]
-39.0:[1, 1, 2, 1, 0, 0, 1, 1, 1, 1, 2, 2, 1, 1, 0, 0, 1, 2, 2, 1, 1, 2, 1, 0, 1, 1, 1, 2, 0, 1, 0, 0, 2, 0, 1, 1, 1, 2, 1, 1, 2, 2, 1, 0, 1, 0, 0, 2, 1, 1, 2, 0, 2, 2, 1, 0, 1, 2, 0, 1, 1, 0, 1, 1, 0, 0, 1, 2, 2, 1, 1, 2, 0, 2, 2, 0, 2, 1, 1, 1, 1, 1, 1, 2, 2, 1, 0, 1, 1, 1, 1, 0, 0, 2, 0, 0, 2, 1]
End Time: Ter Jul 5 15:58:05 BRT 2016 --- run in 3:1:48 ---

==> run_hypdp_cluster.sh.o199300 <==
Best: -41.0 	[2,2,0,0,2,2,1,2,1,0,1,0,0,2,1,0,1,1,2,2,0,2,2,0,0,1,1,1,2,0,0,1,1,2,2,1,0,1,1,1,0,0,1,1,2,2,1,1,1,0,0,2,1,1,1,0,1,1,0,0,1,2,1,1,2,1,2,2,0,0,1,1,1,0,0,1,2,2,1,1,0,0,2,2,1,2,1,1,2,0,1,0,1,1,0,1,0,2]
-41.0:[2, 2, 0, 0, 2, 2, 1, 2, 1, 0, 1, 0, 0, 2, 1, 0, 1, 1, 2, 2, 0, 2, 2, 0, 0, 1, 1, 1, 2, 0, 0, 1, 1, 2, 2, 1, 0, 1, 1, 1, 0, 0, 1, 1, 2, 2, 1, 1, 1, 0, 0, 2, 1, 1, 1, 0, 1, 1, 0, 0, 1, 2, 1, 1, 2, 1, 2, 2, 0, 0, 1, 1, 1, 0, 0, 1, 2, 2, 1, 1, 0, 0, 2, 2, 1, 2, 1, 1, 2, 0, 1, 0, 1, 1, 0, 1, 0, 2]
End Time: Ter Jul 5 14:47:53 BRT 2016 --- run in 1:45:25 ---

==> run_hypdp_cluster.sh.o199301 <==
Best: -39.0 	[2,0,0,2,0,0,2,0,0,2,2,1,2,1,0,0,1,2,0,0,2,0,0,2,2,0,0,2,2,1,1,2,0,2,2,1,0,1,1,1,0,0,1,1,2,2,1,1,1,0,2,0,0,1,0,2,2,1,0,2,0,1,0,0,2,0,2,2,1,2,0,2,0,2,2,0,2,1,0,1,0,0,2,2,1,0,2,2,1,0,1,2,2,0,2,2,0,2]
-39.0:[2, 0, 0, 2, 0, 0, 2, 0, 0, 2, 2, 1, 2, 1, 0, 0, 1, 2, 0, 0, 2, 0, 0, 2, 2, 0, 0, 2, 2, 1, 1, 2, 0, 2, 2, 1, 0, 1, 1, 1, 0, 0, 1, 1, 2, 2, 1, 1, 1, 0, 2, 0, 0, 1, 0, 2, 2, 1, 0, 2, 0, 1, 0, 0, 2, 0, 2, 2, 1, 2, 0, 2, 0, 2, 2, 0, 2, 1, 0, 1, 0, 0, 2, 2, 1, 0, 2, 2, 1, 0, 1, 2, 2, 0, 2, 2, 0, 2]
End Time: Ter Jul 5 14:49:16 BRT 2016 --- run in 1:45:33 ---

==> run_hypdp_cluster.sh.o199302 <==
Best: -40.0 	[1,0,0,1,2,2,1,0,0,1,2,2,1,1,2,1,1,0,0,1,1,2,2,1,1,1,1,1,1,0,0,1,1,1,2,0,0,2,2,1,1,0,0,1,1,2,1,1,0,1,2,2,0,2,0,2,1,2,1,0,1,2,1,2,2,0,0,2,0,0,1,1,2,0,0,1,1,1,2,2,0,0,1,2,2,1,1,0,2,1,1,2,2,1,0,2,0,0]
-40.0:[1, 0, 0, 1, 2, 2, 1, 0, 0, 1, 2, 2, 1, 1, 2, 1, 1, 0, 0, 1, 1, 2, 2, 1, 1, 1, 1, 1, 1, 0, 0, 1, 1, 1, 2, 0, 0, 2, 2, 1, 1, 0, 0, 1, 1, 2, 1, 1, 0, 1, 2, 2, 0, 2, 0, 2, 1, 2, 1, 0, 1, 2, 1, 2, 2, 0, 0, 2, 0, 0, 1, 1, 2, 0, 0, 1, 1, 1, 2, 2, 0, 0, 1, 2, 2, 1, 1, 0, 2, 1, 1, 2, 2, 1, 0, 2, 0, 0]
End Time: Ter Jul 5 14:49:21 BRT 2016 --- run in 1:45:38 ---

==> run_hypdp_cluster.sh.o199303 <==
Best: -38.0 	[0,1,0,0,2,2,0,0,2,0,2,2,1,2,0,0,1,0,2,2,0,0,1,0,1,2,2,0,2,2,0,1,2,1,1,2,0,2,1,0,2,2,0,1,0,0,2,1,0,2,1,1,2,2,1,0,1,1,1,2,1,1,1,2,2,1,1,0,1,0,0,2,1,1,0,1,1,1,0,0,2,2,1,0,0,1,2,1,1,1,2,1,1,2,2,1,0,1]
-38.0:[0, 1, 0, 0, 2, 2, 0, 0, 2, 0, 2, 2, 1, 2, 0, 0, 1, 0, 2, 2, 0, 0, 1, 0, 1, 2, 2, 0, 2, 2, 0, 1, 2, 1, 1, 2, 0, 2, 1, 0, 2, 2, 0, 1, 0, 0, 2, 1, 0, 2, 1, 1, 2, 2, 1, 0, 1, 1, 1, 2, 1, 1, 1, 2, 2, 1, 1, 0, 1, 0, 0, 2, 1, 1, 0, 1, 1, 1, 0, 0, 2, 2, 1, 0, 0, 1, 2, 1, 1, 1, 2, 1, 1, 2, 2, 1, 0, 1]
End Time: Ter Jul 5 14:50:51 BRT 2016 --- run in 1:44:38 ---

==> run_hypdp_cluster.sh.o199304 <==
Best: -40.0 	[1,1,1,1,0,0,1,2,1,1,1,2,1,2,2,0,1,0,0,2,1,0,0,2,2,1,0,2,2,0,1,0,1,2,2,0,1,0,0,2,2,1,1,2,2,0,0,1,2,1,1,0,1,2,2,1,1,2,0,2,2,0,0,1,0,1,2,2,1,0,0,1,2,0,0,1,1,2,2,0,1,1,1,0,0,2,0,0,2,2,1,1,1,0,0,1,1,2]
-40.0:[1, 1, 1, 1, 0, 0, 1, 2, 1, 1, 1, 2, 1, 2, 2, 0, 1, 0, 0, 2, 1, 0, 0, 2, 2, 1, 0, 2, 2, 0, 1, 0, 1, 2, 2, 0, 1, 0, 0, 2, 2, 1, 1, 2, 2, 0, 0, 1, 2, 1, 1, 0, 1, 2, 2, 1, 1, 2, 0, 2, 2, 0, 0, 1, 0, 1, 2, 2, 1, 0, 0, 1, 2, 0, 0, 1, 1, 2, 2, 0, 1, 1, 1, 0, 0, 2, 0, 0, 2, 2, 1, 1, 1, 0, 0, 1, 1, 2]
End Time: Ter Jul 5 14:56:04 BRT 2016 --- run in 1:45:51 ---

==> run_hypdp_cluster.sh.o199305 <==
Best: -38.0 	[1,1,2,0,1,0,0,2,0,1,2,1,2,2,0,0,2,2,1,0,0,1,1,0,2,1,1,1,1,2,1,1,2,1,1,2,2,1,0,0,1,1,0,1,1,1,1,1,0,2,2,1,2,0,1,2,2,1,0,0,1,2,1,2,2,0,0,1,0,1,1,0,2,1,0,0,1,2,2,1,0,1,2,1,2,2,0,0,1,1,2,1,1,2,2,1,0,1]
-38.0:[1, 1, 2, 0, 1, 0, 0, 2, 0, 1, 2, 1, 2, 2, 0, 0, 2, 2, 1, 0, 0, 1, 1, 0, 2, 1, 1, 1, 1, 2, 1, 1, 2, 1, 1, 2, 2, 1, 0, 0, 1, 1, 0, 1, 1, 1, 1, 1, 0, 2, 2, 1, 2, 0, 1, 2, 2, 1, 0, 0, 1, 2, 1, 2, 2, 0, 0, 1, 0, 1, 1, 0, 2, 1, 0, 0, 1, 2, 2, 1, 0, 1, 2, 1, 2, 2, 0, 0, 1, 1, 2, 1, 1, 2, 2, 1, 0, 1]
End Time: Ter Jul 5 15:02:57 BRT 2016 --- run in 1:47:29 ---

==> run_hypdp_cluster.sh.o199306 <==
Best: -39.0 	[0,1,1,1,1,2,0,0,2,1,2,2,0,1,2,2,0,0,2,2,1,0,0,1,1,1,1,1,0,2,2,1,2,1,1,1,1,0,1,1,2,2,1,1,0,0,1,1,2,0,1,1,1,0,0,1,2,2,0,0,1,2,0,1,1,2,2,1,1,0,1,0,2,2,1,2,1,1,1,0,0,1,1,2,2,1,1,1,0,2,0,1,1,0,0,1,2,0]
-39.0:[0, 1, 1, 1, 1, 2, 0, 0, 2, 1, 2, 2, 0, 1, 2, 2, 0, 0, 2, 2, 1, 0, 0, 1, 1, 1, 1, 1, 0, 2, 2, 1, 2, 1, 1, 1, 1, 0, 1, 1, 2, 2, 1, 1, 0, 0, 1, 1, 2, 0, 1, 1, 1, 0, 0, 1, 2, 2, 0, 0, 1, 2, 0, 1, 1, 2, 2, 1, 1, 0, 1, 0, 2, 2, 1, 2, 1, 1, 1, 0, 0, 1, 1, 2, 2, 1, 1, 1, 0, 2, 0, 1, 1, 0, 0, 1, 2, 0]
End Time: Ter Jul 5 15:04:18 BRT 2016 --- run in 1:47:50 ---

==> run_hypdp_cluster.sh.o199307 <==
Best: -40.0 	[2,1,2,2,0,0,1,2,0,2,0,0,1,0,2,0,2,1,2,2,0,2,0,2,1,0,2,0,2,0,1,0,0,2,2,0,1,0,0,2,1,2,2,0,2,1,1,1,1,0,1,1,1,1,0,0,2,1,0,1,0,2,2,1,2,1,0,0,1,2,0,2,2,1,2,0,1,2,0,0,2,1,1,0,0,1,1,2,0,2,1,0,0,2,0,0,2,0]
-40.0:[2, 1, 2, 2, 0, 0, 1, 2, 0, 2, 0, 0, 1, 0, 2, 0, 2, 1, 2, 2, 0, 2, 0, 2, 1, 0, 2, 0, 2, 0, 1, 0, 0, 2, 2, 0, 1, 0, 0, 2, 1, 2, 2, 0, 2, 1, 1, 1, 1, 0, 1, 1, 1, 1, 0, 0, 2, 1, 0, 1, 0, 2, 2, 1, 2, 1, 0, 0, 1, 2, 0, 2, 2, 1, 2, 0, 1, 2, 0, 0, 2, 1, 1, 0, 0, 1, 1, 2, 0, 2, 1, 0, 0, 2, 0, 0, 2, 0]
End Time: Ter Jul 5 15:05:16 BRT 2016 --- run in 1:47:33 ---

==> run_hypdp_cluster.sh.o199308 <==
Best: -37.0 	[1,2,2,1,0,0,2,1,0,1,0,0,2,2,0,1,2,1,1,2,2,0,0,1,2,1,1,1,0,0,1,1,1,1,0,2,2,1,1,1,0,0,1,2,2,1,0,1,1,1,1,0,0,2,1,1,1,0,1,0,1,1,1,2,2,1,1,0,0,2,2,1,2,1,0,1,0,0,2,2,1,2,0,2,2,0,2,0,0,1,2,1,2,2,0,1,2,1]
-37.0:[1, 2, 2, 1, 0, 0, 2, 1, 0, 1, 0, 0, 2, 2, 0, 1, 2, 1, 1, 2, 2, 0, 0, 1, 2, 1, 1, 1, 0, 0, 1, 1, 1, 1, 0, 2, 2, 1, 1, 1, 0, 0, 1, 2, 2, 1, 0, 1, 1, 1, 1, 0, 0, 2, 1, 1, 1, 0, 1, 0, 1, 1, 1, 2, 2, 1, 1, 0, 0, 2, 2, 1, 2, 1, 0, 1, 0, 0, 2, 2, 1, 2, 0, 2, 2, 0, 2, 0, 0, 1, 2, 1, 2, 2, 0, 1, 2, 1]
End Time: Ter Jul 5 17:30:20 BRT 2016 --- run in 4:11:52 ---

==> run_hypdp_cluster.sh.o199309 <==
Best: -39.0 	[0,2,2,1,0,0,1,1,0,1,2,2,1,0,1,2,2,0,2,2,0,1,1,1,1,1,1,1,1,0,0,1,1,2,2,1,0,0,1,1,1,0,0,2,2,1,1,2,1,2,0,2,0,0,2,2,1,1,2,2,0,0,1,0,2,2,0,1,2,2,0,0,1,1,0,0,2,2,1,1,0,0,2,0,0,2,1,1,2,1,1,1,0,1,0,1,1,0]
-39.0:[0, 2, 2, 1, 0, 0, 1, 1, 0, 1, 2, 2, 1, 0, 1, 2, 2, 0, 2, 2, 0, 1, 1, 1, 1, 1, 1, 1, 1, 0, 0, 1, 1, 2, 2, 1, 0, 0, 1, 1, 1, 0, 0, 2, 2, 1, 1, 2, 1, 2, 0, 2, 0, 0, 2, 2, 1, 1, 2, 2, 0, 0, 1, 0, 2, 2, 0, 1, 2, 2, 0, 0, 1, 1, 0, 0, 2, 2, 1, 1, 0, 0, 2, 0, 0, 2, 1, 1, 2, 1, 1, 1, 0, 1, 0, 1, 1, 0]
End Time: Ter Jul 5 15:05:02 BRT 2016 --- run in 1:46:19 ---

==> run_hypdp_cluster.sh.o199310 <==
Best: -39.0 	[0,1,1,2,0,0,1,0,1,1,2,2,1,0,1,0,0,2,2,1,1,2,2,0,0,1,1,2,1,0,2,1,2,1,2,0,0,2,2,1,0,0,1,1,0,1,1,2,2,0,2,2,0,0,2,1,2,0,1,2,1,0,2,2,1,1,2,2,0,0,1,0,1,1,1,0,0,2,1,1,1,0,2,0,1,0,1,2,1,0,1,2,2,1,1,2,1,0]
-39.0:[0, 1, 1, 2, 0, 0, 1, 0, 1, 1, 2, 2, 1, 0, 1, 0, 0, 2, 2, 1, 1, 2, 2, 0, 0, 1, 1, 2, 1, 0, 2, 1, 2, 1, 2, 0, 0, 2, 2, 1, 0, 0, 1, 1, 0, 1, 1, 2, 2, 0, 2, 2, 0, 0, 2, 1, 2, 0, 1, 2, 1, 0, 2, 2, 1, 1, 2, 2, 0, 0, 1, 0, 1, 1, 1, 0, 0, 2, 1, 1, 1, 0, 2, 0, 1, 0, 1, 2, 1, 0, 1, 2, 2, 1, 1, 2, 1, 0]
End Time: Ter Jul 5 15:06:34 BRT 2016 --- run in 1:46:21 ---

==> run_hypdp_cluster.sh.o199311 <==
Best: -41.0 	[2,0,1,0,2,2,1,2,1,1,0,0,1,1,2,2,1,0,1,2,1,2,2,0,0,1,0,2,0,1,0,1,1,1,1,0,1,2,2,0,2,2,0,2,0,0,1,0,2,2,0,0,1,1,0,2,0,2,2,1,1,0,1,1,0,1,0,0,2,2,1,2,1,1,2,1,1,1,2,1,0,0,2,0,0,2,0,1,1,1,1,1,2,2,1,1,1,1]
-41.0:[2, 0, 1, 0, 2, 2, 1, 2, 1, 1, 0, 0, 1, 1, 2, 2, 1, 0, 1, 2, 1, 2, 2, 0, 0, 1, 0, 2, 0, 1, 0, 1, 1, 1, 1, 0, 1, 2, 2, 0, 2, 2, 0, 2, 0, 0, 1, 0, 2, 2, 0, 0, 1, 1, 0, 2, 0, 2, 2, 1, 1, 0, 1, 1, 0, 1, 0, 0, 2, 2, 1, 2, 1, 1, 2, 1, 1, 1, 2, 1, 0, 0, 2, 0, 0, 2, 0, 1, 1, 1, 1, 1, 2, 2, 1, 1, 1, 1]
End Time: Ter Jul 5 16:03:25 BRT 2016 --- run in 2:41:53 ---

==> run_hypdp_cluster.sh.o199312 <==
Best: -39.0 	[2,1,2,1,0,1,1,0,2,2,0,0,1,1,1,2,2,1,1,1,0,2,2,0,0,1,0,2,0,0,2,1,0,2,2,1,1,0,1,1,0,0,1,2,1,2,2,0,1,0,2,0,1,0,0,2,1,2,2,0,0,1,1,1,2,2,0,0,1,2,2,1,1,1,2,2,0,0,1,1,1,0,2,0,0,1,0,2,2,1,0,2,1,0,0,1,2,2]
-39.0:[2, 1, 2, 1, 0, 1, 1, 0, 2, 2, 0, 0, 1, 1, 1, 2, 2, 1, 1, 1, 0, 2, 2, 0, 0, 1, 0, 2, 0, 0, 2, 1, 0, 2, 2, 1, 1, 0, 1, 1, 0, 0, 1, 2, 1, 2, 2, 0, 1, 0, 2, 0, 1, 0, 0, 2, 1, 2, 2, 0, 0, 1, 1, 1, 2, 2, 0, 0, 1, 2, 2, 1, 1, 1, 2, 2, 0, 0, 1, 1, 1, 0, 2, 0, 0, 1, 0, 2, 2, 1, 0, 2, 1, 0, 0, 1, 2, 2]
End Time: Ter Jul 5 15:11:29 BRT 2016 --- run in 1:48:46 ---

==> run_hypdp_cluster.sh.o199313 <==
Best: -40.0 	[2,1,0,1,2,2,1,1,2,1,0,0,1,1,0,2,1,2,2,0,0,2,2,0,0,2,1,2,0,1,2,2,1,1,1,1,1,0,1,1,0,0,1,2,2,1,1,2,1,1,0,1,1,1,0,1,1,1,0,0,2,2,1,1,0,1,0,0,2,2,1,2,1,1,2,1,1,1,2,1,0,1,1,1,0,0,1,1,2,1,1,0,1,1,1,0,0,1]
-40.0:[2, 1, 0, 1, 2, 2, 1, 1, 2, 1, 0, 0, 1, 1, 0, 2, 1, 2, 2, 0, 0, 2, 2, 0, 0, 2, 1, 2, 0, 1, 2, 2, 1, 1, 1, 1, 1, 0, 1, 1, 0, 0, 1, 2, 2, 1, 1, 2, 1, 1, 0, 1, 1, 1, 0, 1, 1, 1, 0, 0, 2, 2, 1, 1, 0, 1, 0, 0, 2, 2, 1, 2, 1, 1, 2, 1, 1, 1, 2, 1, 0, 1, 1, 1, 0, 0, 1, 1, 2, 1, 1, 0, 1, 1, 1, 0, 0, 1]
End Time: Ter Jul 5 15:18:00 BRT 2016 --- run in 1:54:17 ---

==> run_hypdp_cluster.sh.o199314 <==
Best: -40.0 	[0,2,1,0,1,2,1,0,2,1,1,2,1,2,2,0,0,2,1,0,0,1,1,1,1,1,1,1,1,2,2,1,1,1,1,1,1,1,0,1,2,1,2,2,0,0,1,0,1,1,1,1,0,0,2,1,0,2,1,0,0,2,2,1,2,1,1,0,0,1,1,2,1,2,2,0,1,0,2,2,0,1,2,2,1,0,0,1,2,1,1,2,2,0,1,2,2,1]
-40.0:[0, 2, 1, 0, 1, 2, 1, 0, 2, 1, 1, 2, 1, 2, 2, 0, 0, 2, 1, 0, 0, 1, 1, 1, 1, 1, 1, 1, 1, 2, 2, 1, 1, 1, 1, 1, 1, 1, 0, 1, 2, 1, 2, 2, 0, 0, 1, 0, 1, 1, 1, 1, 0, 0, 2, 1, 0, 2, 1, 0, 0, 2, 2, 1, 2, 1, 1, 0, 0, 1, 1, 2, 1, 2, 2, 0, 1, 0, 2, 2, 0, 1, 2, 2, 1, 0, 0, 1, 2, 1, 1, 2, 2, 0, 1, 2, 2, 1]
End Time: Ter Jul 5 15:11:14 BRT 2016 --- run in 1:47:1 ---

==> run_hypdp_cluster.sh.o199315 <==
Best: -39.0 	[2,0,1,1,2,2,1,0,0,1,2,2,1,1,0,0,1,1,2,2,0,1,0,1,2,0,2,1,2,2,0,1,1,1,2,2,0,0,2,0,1,0,0,2,1,1,1,0,2,2,1,0,1,2,2,1,1,2,0,0,1,2,2,1,0,0,1,1,0,1,2,2,0,1,2,2,1,0,0,1,2,2,0,2,2,0,2,0,1,0,0,2,2,1,1,1,1,2]
-39.0:[2, 0, 1, 1, 2, 2, 1, 0, 0, 1, 2, 2, 1, 1, 0, 0, 1, 1, 2, 2, 0, 1, 0, 1, 2, 0, 2, 1, 2, 2, 0, 1, 1, 1, 2, 2, 0, 0, 2, 0, 1, 0, 0, 2, 1, 1, 1, 0, 2, 2, 1, 0, 1, 2, 2, 1, 1, 2, 0, 0, 1, 2, 2, 1, 0, 0, 1, 1, 0, 1, 2, 2, 0, 1, 2, 2, 1, 0, 0, 1, 2, 2, 0, 2, 2, 0, 2, 0, 1, 0, 0, 2, 2, 1, 1, 1, 1, 2]
End Time: Ter Jul 5 15:12:47 BRT 2016 --- run in 1:45:19 ---

==> run_hypdp_cluster.sh.o199316 <==
Best: -39.0 	[0,1,1,1,0,0,1,2,2,1,0,0,1,2,1,1,0,0,1,1,1,2,2,0,0,2,2,1,2,0,1,1,2,1,1,1,2,1,1,0,0,1,1,1,0,1,1,2,1,2,2,0,1,1,2,1,1,1,0,0,1,2,1,2,2,0,0,2,1,2,2,0,0,1,0,1,1,0,1,1,2,2,1,0,0,2,0,0,2,2,0,1,0,0,2,1,0,0]
-39.0:[0, 1, 1, 1, 0, 0, 1, 2, 2, 1, 0, 0, 1, 2, 1, 1, 0, 0, 1, 1, 1, 2, 2, 0, 0, 2, 2, 1, 2, 0, 1, 1, 2, 1, 1, 1, 2, 1, 1, 0, 0, 1, 1, 1, 0, 1, 1, 2, 1, 2, 2, 0, 1, 1, 2, 1, 1, 1, 0, 0, 1, 2, 1, 2, 2, 0, 0, 2, 1, 2, 2, 0, 0, 1, 0, 1, 1, 0, 1, 1, 2, 2, 1, 0, 0, 2, 0, 0, 2, 2, 0, 1, 0, 0, 2, 1, 0, 0]
End Time: Ter Jul 5 15:40:06 BRT 2016 --- run in 1:51:23 ---

==> run_hypdp_cluster.sh.o199317 <==
Best: -39.0 	[1,1,0,0,2,1,0,0,2,1,2,2,0,1,0,2,1,2,2,0,1,2,2,0,0,1,1,1,1,2,0,2,1,2,1,1,0,0,1,1,2,2,1,0,1,0,0,2,1,2,0,2,1,0,2,2,1,2,0,0,1,2,1,1,2,2,1,0,1,0,0,2,1,2,2,0,0,1,1,2,2,1,1,0,0,1,1,1,1,1,1,0,1,0,0,2,1,2]
-39.0:[1, 1, 0, 0, 2, 1, 0, 0, 2, 1, 2, 2, 0, 1, 0, 2, 1, 2, 2, 0, 1, 2, 2, 0, 0, 1, 1, 1, 1, 2, 0, 2, 1, 2, 1, 1, 0, 0, 1, 1, 2, 2, 1, 0, 1, 0, 0, 2, 1, 2, 0, 2, 1, 0, 2, 2, 1, 2, 0, 0, 1, 2, 1, 1, 2, 2, 1, 0, 1, 0, 0, 2, 1, 2, 2, 0, 0, 1, 1, 2, 2, 1, 1, 0, 0, 1, 1, 1, 1, 1, 1, 0, 1, 0, 0, 2, 1, 2]
End Time: Ter Jul 5 15:58:03 BRT 2016 --- run in 1:45:5 ---

==> run_hypdp_cluster.sh.o199318 <==
Best: -42.0 	[1,2,1,1,0,0,2,1,0,2,0,1,0,0,2,0,2,2,1,2,0,2,1,1,2,0,1,1,0,1,1,0,1,1,0,2,2,1,2,0,0,1,1,2,0,2,2,0,1,2,0,0,1,0,1,2,0,2,1,0,0,1,2,0,2,1,0,0,2,2,1,2,1,1,2,1,0,2,0,0,1,0,2,2,1,2,1,1,1,1,0,2,0,0,1,0,2,1]
-42.0:[1, 2, 1, 1, 0, 0, 2, 1, 0, 2, 0, 1, 0, 0, 2, 0, 2, 2, 1, 2, 0, 2, 1, 1, 2, 0, 1, 1, 0, 1, 1, 0, 1, 1, 0, 2, 2, 1, 2, 0, 0, 1, 1, 2, 0, 2, 2, 0, 1, 2, 0, 0, 1, 0, 1, 2, 0, 2, 1, 0, 0, 1, 2, 0, 2, 1, 0, 0, 2, 2, 1, 2, 1, 1, 2, 1, 0, 2, 0, 0, 1, 0, 2, 2, 1, 2, 1, 1, 1, 1, 0, 2, 0, 0, 1, 0, 2, 1]
End Time: Ter Jul 5 16:16:32 BRT 2016 --- run in 1:45:4 ---
