==> run_hypdp_cluster.sh.o198129 <==
Best: -13.0 	[2,0,1,1,2,2,1,1,1,1,0,0,1,1,1,1,2,2,1,0,1,0,0,2,2,0,1,0,0,2,2,0,0,2,1]
-13.0:[2, 0, 1, 1, 2, 2, 1, 1, 1, 1, 0, 0, 1, 1, 1, 1, 2, 2, 1, 0, 1, 0, 0, 2, 2, 0, 1, 0, 0, 2, 2, 0, 0, 2, 1]
End Time: Seg Jun 27 16:47:57 BRT 2016 --- run in 0:11:7 ---

==> run_hypdp_cluster.sh.o198130 <==
Best: -11.0 	[0,1,1,1,2,2,1,1,1,1,0,0,2,1,1,1,2,2,1,0,1,0,0,2,2,1,0,0,1,1,2,0,0,2,2]
-11.0:[0, 1, 1, 1, 2, 2, 1, 1, 1, 1, 0, 0, 2, 1, 1, 1, 2, 2, 1, 0, 1, 0, 0, 2, 2, 1, 0, 0, 1, 1, 2, 0, 0, 2, 2]
End Time: Seg Jun 27 16:48:13 BRT 2016 --- run in 0:11:23 ---

==> run_hypdp_cluster.sh.o198131 <==
Best: -13.0 	[1,1,2,1,0,0,1,1,2,1,0,2,2,1,1,2,2,0,0,1,1,0,0,2,2,0,1,0,0,2,2,0,0,2,1]
-13.0:[1, 1, 2, 1, 0, 0, 1, 1, 2, 1, 0, 2, 2, 1, 1, 2, 2, 0, 0, 1, 1, 0, 0, 2, 2, 0, 1, 0, 0, 2, 2, 0, 0, 2, 1]
End Time: Seg Jun 27 16:47:55 BRT 2016 --- run in 0:11:5 ---

==> run_hypdp_cluster.sh.o198132 <==
Best: -11.0 	[1,0,0,1,2,2,1,1,1,1,0,0,1,2,0,0,2,2,1,1,0,2,2,1,1,1,2,2,1,0,0,1,2,0,1]
-11.0:[1, 0, 0, 1, 2, 2, 1, 1, 1, 1, 0, 0, 1, 2, 0, 0, 2, 2, 1, 1, 0, 2, 2, 1, 1, 1, 2, 2, 1, 0, 0, 1, 2, 0, 1]
End Time: Seg Jun 27 16:51:21 BRT 2016 --- run in 0:14:49 ---

==> run_hypdp_cluster.sh.o198133 <==
Best: -11.0 	[2,1,1,2,0,0,1,1,2,0,0,1,0,1,2,2,1,0,0,1,2,2,1,1,0,2,2,1,2,0,0,2,2,0,0]
-11.0:[2, 1, 1, 2, 0, 0, 1, 1, 2, 0, 0, 1, 0, 1, 2, 2, 1, 0, 0, 1, 2, 2, 1, 1, 0, 2, 2, 1, 2, 0, 0, 2, 2, 0, 0]
End Time: Seg Jun 27 16:48:10 BRT 2016 --- run in 0:11:20 ---

==> run_hypdp_cluster.sh.o198134 <==
Best: -11.0 	[2,1,1,1,0,0,1,1,1,2,1,2,0,2,1,0,0,2,2,1,1,2,2,0,0,1,2,2,1,1,1,0,0,1,1]
-11.0:[2, 1, 1, 1, 0, 0, 1, 1, 1, 2, 1, 2, 0, 2, 1, 0, 0, 2, 2, 1, 1, 2, 2, 0, 0, 1, 2, 2, 1, 1, 1, 0, 0, 1, 1]
End Time: Seg Jun 27 16:51:28 BRT 2016 --- run in 0:14:56 ---

==> run_hypdp_cluster.sh.o198135 <==
Best: -12.0 	[1,1,1,1,0,0,1,1,2,1,0,2,2,1,2,1,0,0,1,2,1,2,2,0,0,2,1,1,2,1,0,2,2,0,1]
-12.0:[1, 1, 1, 1, 0, 0, 1, 1, 2, 1, 0, 2, 2, 1, 2, 1, 0, 0, 1, 2, 1, 2, 2, 0, 0, 2, 1, 1, 2, 1, 0, 2, 2, 0, 1]
End Time: Seg Jun 27 16:48:00 BRT 2016 --- run in 0:11:10 ---

==> run_hypdp_cluster.sh.o198136 <==
Best: -12.0 	[0,1,1,0,2,2,0,0,1,2,2,1,1,1,2,2,0,1,1,0,1,0,0,2,2,1,0,0,2,1,1,0,0,2,2]
-12.0:[0, 1, 1, 0, 2, 2, 0, 0, 1, 2, 2, 1, 1, 1, 2, 2, 0, 1, 1, 0, 1, 0, 0, 2, 2, 1, 0, 0, 2, 1, 1, 0, 0, 2, 2]
End Time: Seg Jun 27 16:48:28 BRT 2016 --- run in 0:11:38 ---

==> run_hypdp_cluster.sh.o198137 <==
Best: -11.0 	[2,1,0,1,2,2,1,1,0,2,0,0,1,0,2,2,1,0,0,1,2,2,1,1,1,1,2,2,1,0,0,2,2,0,0]
-11.0:[2, 1, 0, 1, 2, 2, 1, 1, 0, 2, 0, 0, 1, 0, 2, 2, 1, 0, 0, 1, 2, 2, 1, 1, 1, 1, 2, 2, 1, 0, 0, 2, 2, 0, 0]
End Time: Seg Jun 27 16:51:20 BRT 2016 --- run in 0:14:48 ---

==> run_hypdp_cluster.sh.o198138 <==
Best: -12.0 	[0,2,0,0,2,2,1,0,1,1,2,2,1,1,1,2,0,1,2,0,1,0,0,2,2,0,0,1,0,2,2,1,1,1,1]
-12.0:[0, 2, 0, 0, 2, 2, 1, 0, 1, 1, 2, 2, 1, 1, 1, 2, 0, 1, 2, 0, 1, 0, 0, 2, 2, 0, 0, 1, 0, 2, 2, 1, 1, 1, 1]
End Time: Seg Jun 27 16:48:26 BRT 2016 --- run in 0:11:36 ---

==> run_hypdp_cluster.sh.o198139 <==
Best: -12.0 	[1,1,0,1,2,2,1,1,1,0,1,1,0,1,1,0,0,2,2,1,1,2,2,0,0,2,1,2,2,0,1,0,0,2,2]
-12.0:[1, 1, 0, 1, 2, 2, 1, 1, 1, 0, 1, 1, 0, 1, 1, 0, 0, 2, 2, 1, 1, 2, 2, 0, 0, 2, 1, 2, 2, 0, 1, 0, 0, 2, 2]
End Time: Seg Jun 27 16:48:00 BRT 2016 --- run in 0:11:10 ---

==> run_hypdp_cluster.sh.o198140 <==
Best: -11.0 	[2,1,0,1,2,2,1,1,1,0,1,0,1,0,2,1,2,2,0,0,2,0,0,1,1,2,1,2,2,0,1,0,0,2,2]
-11.0:[2, 1, 0, 1, 2, 2, 1, 1, 1, 0, 1, 0, 1, 0, 2, 1, 2, 2, 0, 0, 2, 0, 0, 1, 1, 2, 1, 2, 2, 0, 1, 0, 0, 2, 2]
End Time: Seg Jun 27 16:51:23 BRT 2016 --- run in 0:14:51 ---

==> run_hypdp_cluster.sh.o198141 <==
Best: -12.0 	[1,1,0,0,2,2,0,1,1,2,1,2,1,2,0,1,1,0,0,2,1,2,2,0,1,1,2,2,1,0,1,0,0,2,2]
-12.0:[1, 1, 0, 0, 2, 2, 0, 1, 1, 2, 1, 2, 1, 2, 0, 1, 1, 0, 0, 2, 1, 2, 2, 0, 1, 1, 2, 2, 1, 0, 1, 0, 0, 2, 2]
End Time: Seg Jun 27 16:48:17 BRT 2016 --- run in 0:11:27 ---

==> run_hypdp_cluster.sh.o198142 <==
Best: -12.0 	[0,2,2,1,0,0,1,2,2,1,0,0,1,1,1,0,0,2,2,1,1,2,2,0,0,1,2,2,1,1,0,2,2,0,0]
-12.0:[0, 2, 2, 1, 0, 0, 1, 2, 2, 1, 0, 0, 1, 1, 1, 0, 0, 2, 2, 1, 1, 2, 2, 0, 0, 1, 2, 2, 1, 1, 0, 2, 2, 0, 0]
End Time: Seg Jun 27 16:51:25 BRT 2016 --- run in 0:14:53 ---

==> run_hypdp_cluster.sh.o198143 <==
Best: -13.0 	[1,0,0,1,2,2,0,0,1,2,2,1,1,1,2,2,0,0,2,1,1,0,0,1,2,1,0,0,1,2,2,0,0,2,1]
-13.0:[1, 0, 0, 1, 2, 2, 0, 0, 1, 2, 2, 1, 1, 1, 2, 2, 0, 0, 2, 1, 1, 0, 0, 1, 2, 1, 0, 0, 1, 2, 2, 0, 0, 2, 1]
End Time: Seg Jun 27 16:47:55 BRT 2016 --- run in 0:11:5 ---

==> run_hypdp_cluster.sh.o198144 <==
Best: -11.0 	[2,0,2,1,0,0,1,1,0,2,2,1,2,1,1,0,0,1,2,2,1,0,0,1,1,2,1,2,2,0,1,0,0,2,2]
-11.0:[2, 0, 2, 1, 0, 0, 1, 1, 0, 2, 2, 1, 2, 1, 1, 0, 0, 1, 2, 2, 1, 0, 0, 1, 1, 2, 1, 2, 2, 0, 1, 0, 0, 2, 2]
End Time: Seg Jun 27 16:48:29 BRT 2016 --- run in 0:11:39 ---

==> run_hypdp_cluster.sh.o198145 <==
Best: -12.0 	[0,1,0,1,2,2,1,1,0,2,0,1,0,1,1,0,0,2,2,1,1,2,2,0,0,1,2,2,1,1,1,0,0,1,2]
-12.0:[0, 1, 0, 1, 2, 2, 1, 1, 0, 2, 0, 1, 0, 1, 1, 0, 0, 2, 2, 1, 1, 2, 2, 0, 0, 1, 2, 2, 1, 1, 1, 0, 0, 1, 2]
End Time: Seg Jun 27 16:51:23 BRT 2016 --- run in 0:14:51 ---

==> run_hypdp_cluster.sh.o198146 <==
Best: -11.0 	[1,2,0,1,0,0,2,2,1,1,2,2,0,1,2,1,1,1,1,0,1,0,0,2,2,1,0,0,1,2,2,0,0,2,2]
-11.0:[1, 2, 0, 1, 0, 0, 2, 2, 1, 1, 2, 2, 0, 1, 2, 1, 1, 1, 1, 0, 1, 0, 0, 2, 2, 1, 0, 0, 1, 2, 2, 0, 0, 2, 2]
End Time: Seg Jun 27 16:48:15 BRT 2016 --- run in 0:11:25 ---

==> run_hypdp_cluster.sh.o198147 <==
Best: -11.0 	[0,2,2,1,0,0,2,1,1,0,0,2,1,0,0,1,2,2,1,1,0,0,1,2,2,1,1,2,1,0,2,2,1,0,1]
-11.0:[0, 2, 2, 1, 0, 0, 2, 1, 1, 0, 0, 2, 1, 0, 0, 1, 2, 2, 1, 1, 0, 0, 1, 2, 2, 1, 1, 2, 1, 0, 2, 2, 1, 0, 1]
End Time: Seg Jun 27 16:47:55 BRT 2016 --- run in 0:11:5 ---

==> run_hypdp_cluster.sh.o198148 <==
Best: -11.0 	[1,1,0,1,2,2,1,0,2,1,1,2,2,1,0,1,0,0,2,2,1,0,0,1,1,1,2,2,1,1,0,2,2,0,0]
-11.0:[1, 1, 0, 1, 2, 2, 1, 0, 2, 1, 1, 2, 2, 1, 0, 1, 0, 0, 2, 2, 1, 0, 0, 1, 1, 1, 2, 2, 1, 1, 0, 2, 2, 0, 0]
End Time: Seg Jun 27 16:51:27 BRT 2016 --- run in 0:14:55 ---

==> run_hypdp_cluster.sh.o198149 <==
Best: -11.0 	[1,2,0,1,2,2,1,1,1,0,0,2,0,0,2,1,1,2,2,1,0,0,1,1,2,0,0,1,0,2,2,0,0,2,0]
-11.0:[1, 2, 0, 1, 2, 2, 1, 1, 1, 0, 0, 2, 0, 0, 2, 1, 1, 2, 2, 1, 0, 0, 1, 1, 2, 0, 0, 1, 0, 2, 2, 0, 0, 2, 0]
End Time: Seg Jun 27 16:48:10 BRT 2016 --- run in 0:11:20 ---

==> run_hypdp_cluster.sh.o198150 <==
Best: -12.0 	[0,2,1,0,2,2,1,0,1,2,1,2,2,0,1,2,0,0,1,0,1,2,2,1,1,0,1,0,0,2,1,2,2,0,2]
-12.0:[0, 2, 1, 0, 2, 2, 1, 0, 1, 2, 1, 2, 2, 0, 1, 2, 0, 0, 1, 0, 1, 2, 2, 1, 1, 0, 1, 0, 0, 2, 1, 2, 2, 0, 2]
End Time: Seg Jun 27 16:51:28 BRT 2016 --- run in 0:14:56 ---

==> run_hypdp_cluster.sh.o198151 <==
Best: -11.0 	[1,1,1,2,0,0,2,1,1,0,1,0,0,2,1,1,2,2,1,0,1,0,0,2,2,1,0,1,0,1,1,1,0,0,1]
-11.0:[1, 1, 1, 2, 0, 0, 2, 1, 1, 0, 1, 0, 0, 2, 1, 1, 2, 2, 1, 0, 1, 0, 0, 2, 2, 1, 0, 1, 0, 1, 1, 1, 0, 0, 1]
End Time: Seg Jun 27 16:47:59 BRT 2016 --- run in 0:11:9 ---

==> run_hypdp_cluster.sh.o198152 <==
Best: -12.0 	[2,0,1,1,2,2,1,1,1,1,0,0,1,2,0,0,2,2,1,2,1,0,0,1,2,0,1,0,0,2,2,0,0,2,2]
-12.0:[2, 0, 1, 1, 2, 2, 1, 1, 1, 1, 0, 0, 1, 2, 0, 0, 2, 2, 1, 2, 1, 0, 0, 1, 2, 0, 1, 0, 0, 2, 2, 0, 0, 2, 2]
End Time: Seg Jun 27 16:48:21 BRT 2016 --- run in 0:11:31 ---

==> run_hypdp_cluster.sh.o198153 <==
Best: -13.0 	[2,0,1,1,2,2,1,1,1,0,1,1,0,1,1,0,0,2,2,1,1,2,2,0,0,2,1,2,2,0,0,2,2,0,1]
-13.0:[2, 0, 1, 1, 2, 2, 1, 1, 1, 0, 1, 1, 0, 1, 1, 0, 0, 2, 2, 1, 1, 2, 2, 0, 0, 2, 1, 2, 2, 0, 0, 2, 2, 0, 1]
End Time: Seg Jun 27 16:51:21 BRT 2016 --- run in 0:14:49 ---

==> run_hypdp_cluster.sh.o198154 <==
Best: -13.0 	[2,2,0,0,2,2,0,1,1,1,2,2,1,1,0,1,2,2,1,0,1,0,0,2,2,0,1,0,0,2,2,0,0,2,2]
-13.0:[2, 2, 0, 0, 2, 2, 0, 1, 1, 1, 2, 2, 1, 1, 0, 1, 2, 2, 1, 0, 1, 0, 0, 2, 2, 0, 1, 0, 0, 2, 2, 0, 0, 2, 2]
End Time: Seg Jun 27 16:48:18 BRT 2016 --- run in 0:11:28 ---

==> run_hypdp_cluster.sh.o198155 <==
Best: -11.0 	[2,1,0,1,2,1,1,0,2,1,2,2,0,2,1,1,0,0,1,1,2,2,1,1,1,0,1,0,0,2,2,0,0,2,2]
-11.0:[2, 1, 0, 1, 2, 1, 1, 0, 2, 1, 2, 2, 0, 2, 1, 1, 0, 0, 1, 1, 2, 2, 1, 1, 1, 0, 1, 0, 0, 2, 2, 0, 0, 2, 2]
End Time: Seg Jun 27 16:51:21 BRT 2016 --- run in 0:14:49 ---

==> run_hypdp_cluster.sh.o198156 <==
Best: -12.0 	[1,1,0,1,2,2,1,1,1,1,0,0,1,1,1,1,2,2,1,0,1,0,0,2,2,0,1,0,0,2,1,2,2,0,1]
-12.0:[1, 1, 0, 1, 2, 2, 1, 1, 1, 1, 0, 0, 1, 1, 1, 1, 2, 2, 1, 0, 1, 0, 0, 2, 2, 0, 1, 0, 0, 2, 1, 2, 2, 0, 1]
End Time: Seg Jun 27 16:48:24 BRT 2016 --- run in 0:11:34 ---

==> run_hypdp_cluster.sh.o198157 <==
Best: -12.0 	[1,2,1,1,0,0,1,1,1,1,2,2,1,1,1,0,1,0,0,2,1,2,2,0,1,1,2,2,1,0,1,2,1,1,0]
-12.0:[1, 2, 1, 1, 0, 0, 1, 1, 1, 1, 2, 2, 1, 1, 1, 0, 1, 0, 0, 2, 1, 2, 2, 0, 1, 1, 2, 2, 1, 0, 1, 2, 1, 1, 0]
End Time: Seg Jun 27 16:51:23 BRT 2016 --- run in 0:14:51 ---

==> run_hypdp_cluster.sh.o198158 <==
Best: -13.0 	[1,1,1,1,0,0,1,1,1,2,1,1,1,1,1,0,0,1,2,1,0,0,2,2,1,1,2,1,0,1,2,2,0,2,2]
-13.0:[1, 1, 1, 1, 0, 0, 1, 1, 1, 2, 1, 1, 1, 1, 1, 0, 0, 1, 2, 1, 0, 0, 2, 2, 1, 1, 2, 1, 0, 1, 2, 2, 0, 2, 2]
End Time: Seg Jun 27 16:58:25 BRT 2016 --- run in 0:10:20 ---
