==> run_hypdp_cluster.sh.o198219 <==
Best: -40.0 	[2,2,0,2,2,0,2,2,0,2,1,1,2,1,0,1,0,0,2,2,1,1,1,0,1,0,1,1,0,2,1,1,1,1,1,0,2,2,1,2,1,1,1,0,2,2,0,0,2,1,0,1,0,0,2,2,0,0,2,2,1,0,0,1,1,2,1,1,2,2,1,0,1,1,1,2,2,0,1,1,0,0,1]
-40.0:[2, 2, 0, 2, 2, 0, 2, 2, 0, 2, 1, 1, 2, 1, 0, 1, 0, 0, 2, 2, 1, 1, 1, 0, 1, 0, 1, 1, 0, 2, 1, 1, 1, 1, 1, 0, 2, 2, 1, 2, 1, 1, 1, 0, 2, 2, 0, 0, 2, 1, 0, 1, 0, 0, 2, 2, 0, 0, 2, 2, 1, 0, 0, 1, 1, 2, 1, 1, 2, 2, 1, 0, 1, 1, 1, 2, 2, 0, 1, 1, 0, 0, 1]
End Time: Seg Jun 27 19:00:06 BRT 2016 --- run in 0:11:16 ---

==> run_hypdp_cluster.sh.o198220 <==
Best: -42.0 	[1,0,2,2,1,1,2,1,2,0,0,1,0,2,0,1,2,1,0,2,2,1,1,1,2,2,1,0,0,1,2,0,1,0,0,2,2,1,2,1,1,2,1,0,1,0,0,2,1,1,1,1,2,2,1,0,1,2,2,1,0,0,1,1,0,1,1,2,2,1,1,1,2,1,1,0,0,1,2,2,0,0,2]
-42.0:[1, 0, 2, 2, 1, 1, 2, 1, 2, 0, 0, 1, 0, 2, 0, 1, 2, 1, 0, 2, 2, 1, 1, 1, 2, 2, 1, 0, 0, 1, 2, 0, 1, 0, 0, 2, 2, 1, 2, 1, 1, 2, 1, 0, 1, 0, 0, 2, 1, 1, 1, 1, 2, 2, 1, 0, 1, 2, 2, 1, 0, 0, 1, 1, 0, 1, 1, 2, 2, 1, 1, 1, 2, 1, 1, 0, 0, 1, 2, 2, 0, 0, 2]
End Time: Seg Jun 27 18:59:53 BRT 2016 --- run in 0:11:2 ---

==> run_hypdp_cluster.sh.o198221 <==
Best: -40.0 	[1,1,0,1,0,0,2,1,2,0,1,2,1,1,1,1,0,0,2,2,0,1,0,0,2,0,1,2,2,1,0,1,2,2,1,0,0,1,1,0,1,1,0,1,2,2,1,1,1,2,0,0,2,0,0,1,1,1,2,2,1,1,1,0,0,1,2,2,1,1,1,2,2,0,1,1,1,1,2,1,1,1,2]
-40.0:[1, 1, 0, 1, 0, 0, 2, 1, 2, 0, 1, 2, 1, 1, 1, 1, 0, 0, 2, 2, 0, 1, 0, 0, 2, 0, 1, 2, 2, 1, 0, 1, 2, 2, 1, 0, 0, 1, 1, 0, 1, 1, 0, 1, 2, 2, 1, 1, 1, 2, 0, 0, 2, 0, 0, 1, 1, 1, 2, 2, 1, 1, 1, 0, 0, 1, 2, 2, 1, 1, 1, 2, 2, 0, 1, 1, 1, 1, 2, 1, 1, 1, 2]
End Time: Seg Jun 27 19:04:03 BRT 2016 --- run in 0:15:31 ---

==> run_hypdp_cluster.sh.o198222 <==
Best: -46.0 	[1,1,0,0,2,0,0,2,1,0,1,1,0,0,2,2,1,1,2,1,0,1,0,1,0,2,0,1,1,1,2,2,1,1,1,1,2,0,0,1,0,1,1,1,1,2,2,1,0,0,1,1,2,2,1,1,1,2,1,0,1,0,0,2,1,0,2,1,2,2,0,2,1,0,0,2,2,1,0,2,2,1,2]
-46.0:[1, 1, 0, 0, 2, 0, 0, 2, 1, 0, 1, 1, 0, 0, 2, 2, 1, 1, 2, 1, 0, 1, 0, 1, 0, 2, 0, 1, 1, 1, 2, 2, 1, 1, 1, 1, 2, 0, 0, 1, 0, 1, 1, 1, 1, 2, 2, 1, 0, 0, 1, 1, 2, 2, 1, 1, 1, 2, 1, 0, 1, 0, 0, 2, 1, 0, 2, 1, 2, 2, 0, 2, 1, 0, 0, 2, 2, 1, 0, 2, 2, 1, 2]
End Time: Seg Jun 27 19:00:09 BRT 2016 --- run in 0:11:19 ---

==> run_hypdp_cluster.sh.o198223 <==
Best: -33.0 	[2,2,0,0,2,2,1,0,1,2,0,1,1,1,1,1,1,0,2,2,1,1,2,1,2,0,0,2,2,0,1,0,1,1,1,2,2,0,0,2,2,1,1,2,2,0,0,1,0,1,2,0,1,2,0,1,0,2,2,1,1,0,0,1,1,2,0,1,1,0,1,0,1,2,1,1,1,2,2,0,0,2,1]
-33.0:[2, 2, 0, 0, 2, 2, 1, 0, 1, 2, 0, 1, 1, 1, 1, 1, 1, 0, 2, 2, 1, 1, 2, 1, 2, 0, 0, 2, 2, 0, 1, 0, 1, 1, 1, 2, 2, 0, 0, 2, 2, 1, 1, 2, 2, 0, 0, 1, 0, 1, 2, 0, 1, 2, 0, 1, 0, 2, 2, 1, 1, 0, 0, 1, 1, 2, 0, 1, 1, 0, 1, 0, 1, 2, 1, 1, 1, 2, 2, 0, 0, 2, 1]
End Time: Seg Jun 27 19:03:55 BRT 2016 --- run in 0:15:23 ---

==> run_hypdp_cluster.sh.o198224 <==
Best: -41.0 	[2,1,0,2,1,2,2,0,1,2,2,0,0,2,1,2,1,0,1,1,2,0,0,1,1,0,1,1,2,0,2,2,1,2,0,0,2,0,0,1,1,1,1,0,1,2,1,2,2,0,0,1,1,1,0,0,1,2,2,1,1,2,1,0,2,2,1,1,1,1,1,1,1,1,1,0,0,1,1,2,0,0,2]
-41.0:[2, 1, 0, 2, 1, 2, 2, 0, 1, 2, 2, 0, 0, 2, 1, 2, 1, 0, 1, 1, 2, 0, 0, 1, 1, 0, 1, 1, 2, 0, 2, 2, 1, 2, 0, 0, 2, 0, 0, 1, 1, 1, 1, 0, 1, 2, 1, 2, 2, 0, 0, 1, 1, 1, 0, 0, 1, 2, 2, 1, 1, 2, 1, 0, 2, 2, 1, 1, 1, 1, 1, 1, 1, 1, 1, 0, 0, 1, 1, 2, 0, 0, 2]
End Time: Seg Jun 27 19:00:00 BRT 2016 --- run in 0:11:9 ---

==> run_hypdp_cluster.sh.o198225 <==
Best: -40.0 	[1,1,0,1,1,0,1,1,0,1,2,0,2,1,2,1,2,1,0,1,1,1,0,1,1,0,1,0,0,2,2,1,2,1,0,1,1,2,0,0,1,1,1,1,1,2,1,2,2,0,1,1,0,0,1,2,0,1,1,0,1,1,2,2,1,1,1,1,0,1,0,0,2,1,2,0,0,2,2,0,0,2,2]
-40.0:[1, 1, 0, 1, 1, 0, 1, 1, 0, 1, 2, 0, 2, 1, 2, 1, 2, 1, 0, 1, 1, 1, 0, 1, 1, 0, 1, 0, 0, 2, 2, 1, 2, 1, 0, 1, 1, 2, 0, 0, 1, 1, 1, 1, 1, 2, 1, 2, 2, 0, 1, 1, 0, 0, 1, 2, 0, 1, 1, 0, 1, 1, 2, 2, 1, 1, 1, 1, 0, 1, 0, 0, 2, 1, 2, 0, 0, 2, 2, 0, 0, 2, 2]
End Time: Seg Jun 27 19:00:28 BRT 2016 --- run in 0:11:37 ---

==> run_hypdp_cluster.sh.o198226 <==
Best: -40.0 	[1,1,1,0,1,0,0,2,1,2,2,0,1,0,0,2,0,1,2,1,1,0,2,0,0,1,0,2,2,0,1,2,2,1,1,1,1,1,0,0,1,2,1,2,2,0,0,1,0,2,1,0,1,0,0,2,2,0,2,0,0,2,2,1,2,1,1,1,1,1,0,0,1,1,2,1,0,0,2,1,0,0,1]
-40.0:[1, 1, 1, 0, 1, 0, 0, 2, 1, 2, 2, 0, 1, 0, 0, 2, 0, 1, 2, 1, 1, 0, 2, 0, 0, 1, 0, 2, 2, 0, 1, 2, 2, 1, 1, 1, 1, 1, 0, 0, 1, 2, 1, 2, 2, 0, 0, 1, 0, 2, 1, 0, 1, 0, 0, 2, 2, 0, 2, 0, 0, 2, 2, 1, 2, 1, 1, 1, 1, 1, 0, 0, 1, 1, 2, 1, 0, 0, 2, 1, 0, 0, 1]
End Time: Seg Jun 27 19:03:56 BRT 2016 --- run in 0:15:24 ---

==> run_hypdp_cluster.sh.o198227 <==
Best: -42.0 	[1,1,1,0,0,2,1,1,0,0,2,1,0,0,1,2,2,1,1,1,2,0,2,1,1,2,2,0,0,2,2,0,0,2,1,1,0,0,2,1,0,0,1,2,2,1,0,0,1,2,1,1,2,1,2,2,0,0,1,0,2,2,1,2,0,1,1,1,1,0,0,1,1,1,2,0,1,1,1,0,2,0,0]
-42.0:[1, 1, 1, 0, 0, 2, 1, 1, 0, 0, 2, 1, 0, 0, 1, 2, 2, 1, 1, 1, 2, 0, 2, 1, 1, 2, 2, 0, 0, 2, 2, 0, 0, 2, 1, 1, 0, 0, 2, 1, 0, 0, 1, 2, 2, 1, 0, 0, 1, 2, 1, 1, 2, 1, 2, 2, 0, 0, 1, 0, 2, 2, 1, 2, 0, 1, 1, 1, 1, 0, 0, 1, 1, 1, 2, 0, 1, 1, 1, 0, 2, 0, 0]
End Time: Seg Jun 27 19:00:11 BRT 2016 --- run in 0:11:21 ---

==> run_hypdp_cluster.sh.o198228 <==
Best: -37.0 	[2,2,1,1,1,1,2,0,2,0,0,2,2,1,0,2,2,0,2,1,1,2,2,1,0,0,1,2,0,1,0,0,2,1,2,2,0,1,2,2,0,0,1,1,2,1,1,1,0,0,1,1,2,2,1,0,2,2,0,2,0,2,2,0,2,1,0,1,0,0,2,1,0,2,1,0,0,2,1,2,2,0,0]
-37.0:[2, 2, 1, 1, 1, 1, 2, 0, 2, 0, 0, 2, 2, 1, 0, 2, 2, 0, 2, 1, 1, 2, 2, 1, 0, 0, 1, 2, 0, 1, 0, 0, 2, 1, 2, 2, 0, 1, 2, 2, 0, 0, 1, 1, 2, 1, 1, 1, 0, 0, 1, 1, 2, 2, 1, 0, 2, 2, 0, 2, 0, 2, 2, 0, 2, 1, 0, 1, 0, 0, 2, 1, 0, 2, 1, 0, 0, 2, 1, 2, 2, 0, 0]
End Time: Seg Jun 27 19:00:03 BRT 2016 --- run in 0:11:12 ---

==> run_hypdp_cluster.sh.o198229 <==
Best: -41.0 	[0,1,1,1,0,1,0,1,0,2,2,1,2,1,0,0,1,2,0,0,2,1,0,0,1,2,2,1,1,1,0,0,1,1,2,2,0,0,2,2,0,0,1,1,1,2,2,1,1,1,0,1,2,2,1,1,1,1,1,0,0,2,0,0,2,1,2,2,0,2,1,1,2,0,0,2,2,0,0,2,2,1,2]
-41.0:[0, 1, 1, 1, 0, 1, 0, 1, 0, 2, 2, 1, 2, 1, 0, 0, 1, 2, 0, 0, 2, 1, 0, 0, 1, 2, 2, 1, 1, 1, 0, 0, 1, 1, 2, 2, 0, 0, 2, 2, 0, 0, 1, 1, 1, 2, 2, 1, 1, 1, 0, 1, 2, 2, 1, 1, 1, 1, 1, 0, 0, 2, 0, 0, 2, 1, 2, 2, 0, 2, 1, 1, 2, 0, 0, 2, 2, 0, 0, 2, 2, 1, 2]
End Time: Seg Jun 27 19:04:06 BRT 2016 --- run in 0:15:34 ---

==> run_hypdp_cluster.sh.o198230 <==
Best: -39.0 	[0,1,1,1,2,2,1,1,1,1,0,1,1,2,2,1,1,1,2,0,0,1,0,1,1,1,2,1,2,2,0,1,1,0,0,1,2,1,0,0,2,1,0,1,1,2,0,2,2,0,2,1,1,1,2,2,1,1,0,0,1,1,1,2,2,0,0,2,1,0,0,1,1,1,1,2,2,1,1,1,1,1,2]
-39.0:[0, 1, 1, 1, 2, 2, 1, 1, 1, 1, 0, 1, 1, 2, 2, 1, 1, 1, 2, 0, 0, 1, 0, 1, 1, 1, 2, 1, 2, 2, 0, 1, 1, 0, 0, 1, 2, 1, 0, 0, 2, 1, 0, 1, 1, 2, 0, 2, 2, 0, 2, 1, 1, 1, 2, 2, 1, 1, 0, 0, 1, 1, 1, 2, 2, 0, 0, 2, 1, 0, 0, 1, 1, 1, 1, 2, 2, 1, 1, 1, 1, 1, 2]
End Time: Seg Jun 27 19:00:35 BRT 2016 --- run in 0:11:44 ---

==> run_hypdp_cluster.sh.o198231 <==
Best: -42.0 	[0,1,2,2,0,2,1,1,1,2,1,2,2,0,0,1,0,1,1,1,0,2,1,0,0,1,1,2,2,1,0,0,1,1,1,1,1,2,1,1,2,0,2,1,1,2,1,2,2,0,0,2,0,0,1,1,1,0,1,1,2,2,1,1,0,0,1,1,1,1,0,0,2,1,2,0,0,2,2,0,0,2,2]
-42.0:[0, 1, 2, 2, 0, 2, 1, 1, 1, 2, 1, 2, 2, 0, 0, 1, 0, 1, 1, 1, 0, 2, 1, 0, 0, 1, 1, 2, 2, 1, 0, 0, 1, 1, 1, 1, 1, 2, 1, 1, 2, 0, 2, 1, 1, 2, 1, 2, 2, 0, 0, 2, 0, 0, 1, 1, 1, 0, 1, 1, 2, 2, 1, 1, 0, 0, 1, 1, 1, 1, 0, 0, 2, 1, 2, 0, 0, 2, 2, 0, 0, 2, 2]
End Time: Seg Jun 27 19:04:00 BRT 2016 --- run in 0:15:28 ---

==> run_hypdp_cluster.sh.o198232 <==
Best: -36.0 	[1,0,0,1,1,1,0,1,1,0,0,2,1,1,1,2,1,0,2,2,1,1,2,2,0,0,1,0,2,1,1,1,1,1,0,1,1,2,1,2,1,2,0,1,2,1,1,1,0,0,2,2,0,0,1,0,1,2,1,1,1,0,0,2,2,1,2,0,2,1,2,1,1,0,2,2,0,0,1,0,1,1,0]
-36.0:[1, 0, 0, 1, 1, 1, 0, 1, 1, 0, 0, 2, 1, 1, 1, 2, 1, 0, 2, 2, 1, 1, 2, 2, 0, 0, 1, 0, 2, 1, 1, 1, 1, 1, 0, 1, 1, 2, 1, 2, 1, 2, 0, 1, 2, 1, 1, 1, 0, 0, 2, 2, 0, 0, 1, 0, 1, 2, 1, 1, 1, 0, 0, 2, 2, 1, 2, 0, 2, 1, 2, 1, 1, 0, 2, 2, 0, 0, 1, 0, 1, 1, 0]
End Time: Seg Jun 27 18:59:54 BRT 2016 --- run in 0:11:4 ---

==> run_hypdp_cluster.sh.o198233 <==
Best: -40.0 	[1,1,0,2,2,0,2,1,1,2,1,2,2,0,0,1,0,1,1,2,1,1,2,1,2,2,0,0,1,0,1,2,0,0,2,1,2,1,1,1,1,1,2,1,2,2,0,0,1,0,1,2,1,2,2,0,1,2,1,1,0,0,1,1,1,0,2,1,1,1,2,0,0,2,2,1,2,0,0,2,2,0,0]
-40.0:[1, 1, 0, 2, 2, 0, 2, 1, 1, 2, 1, 2, 2, 0, 0, 1, 0, 1, 1, 2, 1, 1, 2, 1, 2, 2, 0, 0, 1, 0, 1, 2, 0, 0, 2, 1, 2, 1, 1, 1, 1, 1, 2, 1, 2, 2, 0, 0, 1, 0, 1, 2, 1, 2, 2, 0, 1, 2, 1, 1, 0, 0, 1, 1, 1, 0, 2, 1, 1, 1, 2, 0, 0, 2, 2, 1, 2, 0, 0, 2, 2, 0, 0]
End Time: Seg Jun 27 19:00:24 BRT 2016 --- run in 0:11:34 ---

==> run_hypdp_cluster.sh.o198234 <==
Best: -37.0 	[0,0,1,1,0,0,2,1,0,0,2,1,2,1,1,1,0,2,2,0,1,0,0,2,0,1,1,1,0,2,1,1,0,2,1,0,2,2,1,2,1,0,0,2,1,1,2,1,2,2,0,0,2,0,1,0,0,2,2,1,1,2,0,0,1,0,2,1,1,0,0,1,1,2,2,0,1,1,2,0,0,2,0]
-37.0:[0, 0, 1, 1, 0, 0, 2, 1, 0, 0, 2, 1, 2, 1, 1, 1, 0, 2, 2, 0, 1, 0, 0, 2, 0, 1, 1, 1, 0, 2, 1, 1, 0, 2, 1, 0, 2, 2, 1, 2, 1, 0, 0, 2, 1, 1, 2, 1, 2, 2, 0, 0, 2, 0, 1, 0, 0, 2, 2, 1, 1, 2, 0, 0, 1, 0, 2, 1, 1, 0, 0, 1, 1, 2, 2, 0, 1, 1, 2, 0, 0, 2, 0]
End Time: Seg Jun 27 19:03:55 BRT 2016 --- run in 0:15:23 ---

==> run_hypdp_cluster.sh.o198235 <==
Best: -47.0 	[1,1,2,0,1,1,0,1,0,0,2,2,1,0,0,2,1,1,1,0,2,1,2,2,0,1,2,2,0,0,2,2,0,0,1,0,2,1,2,2,0,2,1,0,1,2,0,1,2,0,0,2,0,0,2,0,0,2,2,0,1,2,2,1,1,1,1,1,0,0,2,0,0,2,2,0,0,2,2,1,0,0,1]
-47.0:[1, 1, 2, 0, 1, 1, 0, 1, 0, 0, 2, 2, 1, 0, 0, 2, 1, 1, 1, 0, 2, 1, 2, 2, 0, 1, 2, 2, 0, 0, 2, 2, 0, 0, 1, 0, 2, 1, 2, 2, 0, 2, 1, 0, 1, 2, 0, 1, 2, 0, 0, 2, 0, 0, 2, 0, 0, 2, 2, 0, 1, 2, 2, 1, 1, 1, 1, 1, 0, 0, 2, 0, 0, 2, 2, 0, 0, 2, 2, 1, 0, 0, 1]
End Time: Seg Jun 27 19:00:17 BRT 2016 --- run in 0:11:27 ---

==> run_hypdp_cluster.sh.o198236 <==
Best: -40.0 	[2,2,0,1,0,1,1,0,2,1,1,2,1,2,2,0,0,2,0,1,0,1,1,1,0,1,2,1,0,0,2,2,1,0,0,2,1,1,0,0,1,1,2,1,1,1,1,1,2,2,0,1,1,2,2,1,1,0,1,1,0,0,1,2,2,1,0,2,1,1,2,1,1,0,1,0,1,1,1,0,0,1,1]
-40.0:[2, 2, 0, 1, 0, 1, 1, 0, 2, 1, 1, 2, 1, 2, 2, 0, 0, 2, 0, 1, 0, 1, 1, 1, 0, 1, 2, 1, 0, 0, 2, 2, 1, 0, 0, 2, 1, 1, 0, 0, 1, 1, 2, 1, 1, 1, 1, 1, 2, 2, 0, 1, 1, 2, 2, 1, 1, 0, 1, 1, 0, 0, 1, 2, 2, 1, 0, 2, 1, 1, 2, 1, 1, 0, 1, 0, 1, 1, 1, 0, 0, 1, 1]
End Time: Seg Jun 27 19:00:06 BRT 2016 --- run in 0:11:15 ---

==> run_hypdp_cluster.sh.o198237 <==
Best: -39.0 	[0,1,0,1,0,1,1,1,0,0,2,2,1,2,1,1,2,1,0,0,2,0,0,2,0,1,1,1,1,2,2,1,0,0,2,1,0,1,0,0,2,2,1,2,0,0,1,1,0,0,2,2,1,0,2,2,0,0,2,2,1,2,1,1,0,0,1,2,1,1,2,2,1,0,0,2,2,0,1,0,1,0,0]
-39.0:[0, 1, 0, 1, 0, 1, 1, 1, 0, 0, 2, 2, 1, 2, 1, 1, 2, 1, 0, 0, 2, 0, 0, 2, 0, 1, 1, 1, 1, 2, 2, 1, 0, 0, 2, 1, 0, 1, 0, 0, 2, 2, 1, 2, 0, 0, 1, 1, 0, 0, 2, 2, 1, 0, 2, 2, 0, 0, 2, 2, 1, 2, 1, 1, 0, 0, 1, 2, 1, 1, 2, 2, 1, 0, 0, 2, 2, 0, 1, 0, 1, 0, 0]
End Time: Seg Jun 27 19:03:59 BRT 2016 --- run in 0:15:27 ---

==> run_hypdp_cluster.sh.o198238 <==
Best: -37.0 	[2,1,1,0,0,1,1,1,0,1,2,1,2,2,0,1,2,0,1,0,1,1,0,0,2,1,2,1,0,0,2,2,1,0,0,1,1,2,0,1,1,1,0,1,2,2,1,1,2,1,1,1,1,0,0,1,2,0,0,2,2,1,1,2,2,0,0,2,1,2,1,0,1,2,2,0,1,0,0,2,2,0,2]
-37.0:[2, 1, 1, 0, 0, 1, 1, 1, 0, 1, 2, 1, 2, 2, 0, 1, 2, 0, 1, 0, 1, 1, 0, 0, 2, 1, 2, 1, 0, 0, 2, 2, 1, 0, 0, 1, 1, 2, 0, 1, 1, 1, 0, 1, 2, 2, 1, 1, 2, 1, 1, 1, 1, 0, 0, 1, 2, 0, 0, 2, 2, 1, 1, 2, 2, 0, 0, 2, 1, 2, 1, 0, 1, 2, 2, 0, 1, 0, 0, 2, 2, 0, 2]
End Time: Seg Jun 27 19:00:33 BRT 2016 --- run in 0:11:42 ---

==> run_hypdp_cluster.sh.o198239 <==
Best: -39.0 	[2,0,1,0,0,2,0,1,2,1,1,0,0,1,2,2,1,1,1,0,1,0,1,1,0,2,2,1,1,0,0,1,2,0,0,2,1,2,2,0,2,1,0,0,1,1,0,2,2,1,2,0,2,1,2,0,0,2,2,1,1,1,0,1,2,1,0,0,1,1,1,0,0,2,2,1,1,1,1,1,0,0,1]
-39.0:[2, 0, 1, 0, 0, 2, 0, 1, 2, 1, 1, 0, 0, 1, 2, 2, 1, 1, 1, 0, 1, 0, 1, 1, 0, 2, 2, 1, 1, 0, 0, 1, 2, 0, 0, 2, 1, 2, 2, 0, 2, 1, 0, 0, 1, 1, 0, 2, 2, 1, 2, 0, 2, 1, 2, 0, 0, 2, 2, 1, 1, 1, 0, 1, 2, 1, 0, 0, 1, 1, 1, 0, 0, 2, 2, 1, 1, 1, 1, 1, 0, 0, 1]
End Time: Seg Jun 27 19:03:59 BRT 2016 --- run in 0:15:27 ---

==> run_hypdp_cluster.sh.o198240 <==
Best: -40.0 	[2,2,1,0,0,1,1,1,2,2,1,1,0,0,1,1,1,1,1,0,2,0,1,1,0,1,0,0,2,2,0,2,2,1,1,0,0,2,2,1,1,2,2,0,0,2,2,0,0,1,1,1,0,0,1,2,2,0,0,2,1,0,1,2,2,0,0,1,2,2,1,0,2,2,0,2,2,0,0,2,1,0,2]
-40.0:[2, 2, 1, 0, 0, 1, 1, 1, 2, 2, 1, 1, 0, 0, 1, 1, 1, 1, 1, 0, 2, 0, 1, 1, 0, 1, 0, 0, 2, 2, 0, 2, 2, 1, 1, 0, 0, 2, 2, 1, 1, 2, 2, 0, 0, 2, 2, 0, 0, 1, 1, 1, 0, 0, 1, 2, 2, 0, 0, 2, 1, 0, 1, 2, 2, 0, 0, 1, 2, 2, 1, 0, 2, 2, 0, 2, 2, 0, 0, 2, 1, 0, 2]
End Time: Seg Jun 27 18:59:51 BRT 2016 --- run in 0:11:1 ---

==> run_hypdp_cluster.sh.o198241 <==
Best: -40.0 	[0,0,1,2,2,0,2,2,0,1,1,0,0,1,2,0,1,2,1,1,2,1,2,2,0,0,1,2,0,1,2,0,2,0,0,2,2,1,1,2,2,0,1,1,0,0,1,2,0,2,2,1,0,2,1,1,2,2,0,1,1,0,0,1,2,1,0,0,2,1,1,0,0,2,2,0,0,2,2,0,0,1,2]
-40.0:[0, 0, 1, 2, 2, 0, 2, 2, 0, 1, 1, 0, 0, 1, 2, 0, 1, 2, 1, 1, 2, 1, 2, 2, 0, 0, 1, 2, 0, 1, 2, 0, 2, 0, 0, 2, 2, 1, 1, 2, 2, 0, 1, 1, 0, 0, 1, 2, 0, 2, 2, 1, 0, 2, 1, 1, 2, 2, 0, 1, 1, 0, 0, 1, 2, 1, 0, 0, 2, 1, 1, 0, 0, 2, 2, 0, 0, 2, 2, 0, 0, 1, 2]
End Time: Seg Jun 27 19:00:21 BRT 2016 --- run in 0:11:30 ---

==> run_hypdp_cluster.sh.o198242 <==
Best: -40.0 	[1,1,0,1,2,1,2,1,2,0,2,0,0,2,1,2,2,0,0,1,2,1,2,2,0,1,2,0,0,1,0,1,2,1,1,0,0,2,2,1,2,1,1,2,1,1,0,1,1,0,0,1,2,2,1,1,2,0,0,2,2,1,2,1,0,2,0,0,1,0,2,2,0,1,0,1,0,2,2,0,0,2,0]
-40.0:[1, 1, 0, 1, 2, 1, 2, 1, 2, 0, 2, 0, 0, 2, 1, 2, 2, 0, 0, 1, 2, 1, 2, 2, 0, 1, 2, 0, 0, 1, 0, 1, 2, 1, 1, 0, 0, 2, 2, 1, 2, 1, 1, 2, 1, 1, 0, 1, 1, 0, 0, 1, 2, 2, 1, 1, 2, 0, 0, 2, 2, 1, 2, 1, 0, 2, 0, 0, 1, 0, 2, 2, 0, 1, 0, 1, 0, 2, 2, 0, 0, 2, 0]
End Time: Seg Jun 27 19:04:05 BRT 2016 --- run in 0:15:33 ---

==> run_hypdp_cluster.sh.o198243 <==
Best: -32.0 	[2,0,0,2,0,2,1,0,2,2,1,0,0,2,2,1,2,0,1,1,0,2,1,1,1,2,1,2,1,0,0,2,2,1,0,2,0,2,2,1,0,2,2,1,1,0,0,1,1,1,0,2,0,0,2,0,2,1,1,2,0,2,1,2,1,0,2,1,1,0,1,2,2,0,1,2,0,0,1,2,2,1,1]
-32.0:[2, 0, 0, 2, 0, 2, 1, 0, 2, 2, 1, 0, 0, 2, 2, 1, 2, 0, 1, 1, 0, 2, 1, 1, 1, 2, 1, 2, 1, 0, 0, 2, 2, 1, 0, 2, 0, 2, 2, 1, 0, 2, 2, 1, 1, 0, 0, 1, 1, 1, 0, 2, 0, 0, 2, 0, 2, 1, 1, 2, 0, 2, 1, 2, 1, 0, 2, 1, 1, 0, 1, 2, 2, 0, 1, 2, 0, 0, 1, 2, 2, 1, 1]
End Time: Seg Jun 27 19:00:38 BRT 2016 --- run in 0:11:47 ---

==> run_hypdp_cluster.sh.o198244 <==
Best: -41.0 	[1,0,2,1,2,1,1,2,2,0,0,2,2,0,1,2,0,0,1,1,1,2,2,0,2,1,2,0,0,2,2,1,1,1,1,0,1,1,0,0,1,2,1,1,1,1,2,2,1,1,1,0,0,1,1,1,1,2,2,1,0,0,1,1,0,1,2,1,0,1,0,0,2,1,2,1,0,2,2,1,1,0,1]
-41.0:[1, 0, 2, 1, 2, 1, 1, 2, 2, 0, 0, 2, 2, 0, 1, 2, 0, 0, 1, 1, 1, 2, 2, 0, 2, 1, 2, 0, 0, 2, 2, 1, 1, 1, 1, 0, 1, 1, 0, 0, 1, 2, 1, 1, 1, 1, 2, 2, 1, 1, 1, 0, 0, 1, 1, 1, 1, 2, 2, 1, 0, 0, 1, 1, 0, 1, 2, 1, 0, 1, 0, 0, 2, 1, 2, 1, 0, 2, 2, 1, 1, 0, 1]
End Time: Seg Jun 27 18:59:58 BRT 2016 --- run in 0:11:8 ---

==> run_hypdp_cluster.sh.o198245 <==
Best: -38.0 	[1,0,0,1,1,1,2,0,1,2,2,0,0,1,1,0,0,2,1,1,0,1,1,1,2,1,0,0,2,2,1,2,1,1,0,0,1,1,1,0,1,1,2,2,1,1,0,1,1,0,2,1,1,0,0,1,1,1,0,2,2,1,2,1,1,1,0,1,1,0,1,0,1,2,2,0,0,2,2,1,0,2,0]
-38.0:[1, 0, 0, 1, 1, 1, 2, 0, 1, 2, 2, 0, 0, 1, 1, 0, 0, 2, 1, 1, 0, 1, 1, 1, 2, 1, 0, 0, 2, 2, 1, 2, 1, 1, 0, 0, 1, 1, 1, 0, 1, 1, 2, 2, 1, 1, 0, 1, 1, 0, 2, 1, 1, 0, 0, 1, 1, 1, 0, 2, 2, 1, 2, 1, 1, 1, 0, 1, 1, 0, 1, 0, 1, 2, 2, 0, 0, 2, 2, 1, 0, 2, 0]
End Time: Seg Jun 27 19:04:05 BRT 2016 --- run in 0:15:33 ---

==> run_hypdp_cluster.sh.o198246 <==
Best: -41.0 	[1,0,0,1,1,0,1,0,1,1,1,1,2,2,1,1,1,0,2,0,2,1,0,0,1,1,1,0,1,2,2,1,1,2,1,1,0,1,0,0,2,2,1,1,1,0,1,0,0,2,2,1,0,0,1,2,2,1,0,0,2,2,0,0,2,2,1,0,1,1,1,0,0,2,2,1,0,1,1,2,2,0,1]
-41.0:[1, 0, 0, 1, 1, 0, 1, 0, 1, 1, 1, 1, 2, 2, 1, 1, 1, 0, 2, 0, 2, 1, 0, 0, 1, 1, 1, 0, 1, 2, 2, 1, 1, 2, 1, 1, 0, 1, 0, 0, 2, 2, 1, 1, 1, 0, 1, 0, 0, 2, 2, 1, 0, 0, 1, 2, 2, 1, 0, 0, 2, 2, 0, 0, 2, 2, 1, 0, 1, 1, 1, 0, 0, 2, 2, 1, 0, 1, 1, 2, 2, 0, 1]
End Time: Seg Jun 27 19:00:14 BRT 2016 --- run in 0:11:24 ---

==> run_hypdp_cluster.sh.o198247 <==
Best: -43.0 	[1,2,1,1,2,1,2,2,0,0,1,2,0,1,0,0,2,0,2,2,1,2,0,2,1,1,1,0,0,2,1,2,2,0,2,0,1,2,2,1,0,1,2,2,0,0,1,1,1,1,1,1,0,0,1,1,1,1,2,2,0,0,1,1,2,2,1,1,0,1,1,2,2,1,1,1,1,0,1,0,0,2,1]
-43.0:[1, 2, 1, 1, 2, 1, 2, 2, 0, 0, 1, 2, 0, 1, 0, 0, 2, 0, 2, 2, 1, 2, 0, 2, 1, 1, 1, 0, 0, 2, 1, 2, 2, 0, 2, 0, 1, 2, 2, 1, 0, 1, 2, 2, 0, 0, 1, 1, 1, 1, 1, 1, 0, 0, 1, 1, 1, 1, 2, 2, 0, 0, 1, 1, 2, 2, 1, 1, 0, 1, 1, 2, 2, 1, 1, 1, 1, 0, 1, 0, 0, 2, 1]
End Time: Seg Jun 27 19:04:03 BRT 2016 --- run in 0:15:31 ---

==> run_hypdp_cluster.sh.o198248 <==
Best: -39.0 	[2,2,1,0,1,0,0,2,1,0,2,0,0,2,1,0,0,2,2,1,2,1,1,2,0,1,2,2,0,1,1,1,1,0,1,2,2,0,0,1,0,1,1,1,0,0,2,2,1,1,2,0,2,2,1,0,1,2,2,0,1,0,0,2,0,1,1,2,2,1,1,1,2,0,0,2,2,0,2,1,2,2,0]
-39.0:[2, 2, 1, 0, 1, 0, 0, 2, 1, 0, 2, 0, 0, 2, 1, 0, 0, 2, 2, 1, 2, 1, 1, 2, 0, 1, 2, 2, 0, 1, 1, 1, 1, 0, 1, 2, 2, 0, 0, 1, 0, 1, 1, 1, 0, 0, 2, 2, 1, 1, 2, 0, 2, 2, 1, 0, 1, 2, 2, 0, 1, 0, 0, 2, 0, 1, 1, 2, 2, 1, 1, 1, 2, 0, 0, 2, 2, 0, 2, 1, 2, 2, 0]
End Time: Seg Jun 27 19:11:13 BRT 2016 --- run in 0:11:8 ---
