==> run_hypdp_cluster.sh.o199049 <==
Best: -36.0 	[1,2,2,1,1,0,2,1,0,1,0,0,2,1,0,2,2,0,1,1,1,0,0,1,2,2,1,1,2,1,1,0,2,2,1,0,2,2,1,0,1,1,0,2,2,0,0,1,2,0,1,1,1,0,0,1,2,0,1,2,2,0,0,1,2,2,1,1,2,1,0,0,2,1,0,0,1,2,2,1,0,0,2,0,0,2,0,2,2,1,2,0,2,1,1,1,0,1]
-36.0:[1, 2, 2, 1, 1, 0, 2, 1, 0, 1, 0, 0, 2, 1, 0, 2, 2, 0, 1, 1, 1, 0, 0, 1, 2, 2, 1, 1, 2, 1, 1, 0, 2, 2, 1, 0, 2, 2, 1, 0, 1, 1, 0, 2, 2, 0, 0, 1, 2, 0, 1, 1, 1, 0, 0, 1, 2, 0, 1, 2, 2, 0, 0, 1, 2, 2, 1, 1, 2, 1, 0, 0, 2, 1, 0, 0, 1, 2, 2, 1, 0, 0, 2, 0, 0, 2, 0, 2, 2, 1, 2, 0, 2, 1, 1, 1, 0, 1]
End Time: Seg Jul 4 18:19:12 BRT 2016 --- run in 0:15:25 ---

==> run_hypdp_cluster.sh.o199050 <==
Best: -34.0 	[1,2,1,0,1,1,1,1,1,0,1,2,2,1,1,2,1,1,0,1,0,0,2,2,1,2,0,2,1,1,2,0,2,2,1,0,1,0,0,2,2,0,1,1,2,0,0,2,1,2,0,1,2,1,2,0,1,1,0,0,1,2,1,1,2,2,1,0,0,1,2,2,0,2,2,0,0,2,2,0,0,2,1,2,2,0,2,0,0,2,0,2,2,0,0,1,1,2]
-34.0:[1, 2, 1, 0, 1, 1, 1, 1, 1, 0, 1, 2, 2, 1, 1, 2, 1, 1, 0, 1, 0, 0, 2, 2, 1, 2, 0, 2, 1, 1, 2, 0, 2, 2, 1, 0, 1, 0, 0, 2, 2, 0, 1, 1, 2, 0, 0, 2, 1, 2, 0, 1, 2, 1, 2, 0, 1, 1, 0, 0, 1, 2, 1, 1, 2, 2, 1, 0, 0, 1, 2, 2, 0, 2, 2, 0, 0, 2, 2, 0, 0, 2, 1, 2, 2, 0, 2, 0, 0, 2, 0, 2, 2, 0, 0, 1, 1, 2]
End Time: Seg Jul 4 18:19:28 BRT 2016 --- run in 0:15:41 ---

==> run_hypdp_cluster.sh.o199051 <==
Best: -37.0 	[1,2,0,1,1,2,2,1,1,0,0,1,1,1,1,0,0,2,2,1,0,0,1,1,1,1,2,0,1,2,0,2,2,1,2,0,0,2,1,1,2,2,1,0,0,1,1,1,1,1,2,0,2,1,2,1,1,0,1,1,0,1,1,1,2,2,1,0,1,0,0,2,1,2,2,0,2,1,1,1,2,2,0,0,2,0,2,0,1,1,1,1,2,2,1,1,1,1]
-37.0:[1, 2, 0, 1, 1, 2, 2, 1, 1, 0, 0, 1, 1, 1, 1, 0, 0, 2, 2, 1, 0, 0, 1, 1, 1, 1, 2, 0, 1, 2, 0, 2, 2, 1, 2, 0, 0, 2, 1, 1, 2, 2, 1, 0, 0, 1, 1, 1, 1, 1, 2, 0, 2, 1, 2, 1, 1, 0, 1, 1, 0, 1, 1, 1, 2, 2, 1, 0, 1, 0, 0, 2, 1, 2, 2, 0, 2, 1, 1, 1, 2, 2, 0, 0, 2, 0, 2, 0, 1, 1, 1, 1, 2, 2, 1, 1, 1, 1]
End Time: Seg Jul 4 18:19:14 BRT 2016 --- run in 0:15:27 ---

==> run_hypdp_cluster.sh.o199052 <==
Best: -35.0 	[0,1,2,2,0,0,1,0,1,1,1,2,2,1,0,0,1,1,1,0,1,1,0,1,1,2,2,1,0,2,1,1,2,1,1,1,2,0,0,2,1,2,2,0,0,1,0,2,1,0,2,1,1,2,1,2,1,1,0,0,2,2,1,0,2,1,2,2,0,0,1,0,1,1,0,1,1,2,2,1,0,2,1,2,0,0,1,2,1,0,1,1,0,1,0,0,2,2]
-35.0:[0, 1, 2, 2, 0, 0, 1, 0, 1, 1, 1, 2, 2, 1, 0, 0, 1, 1, 1, 0, 1, 1, 0, 1, 1, 2, 2, 1, 0, 2, 1, 1, 2, 1, 1, 1, 2, 0, 0, 2, 1, 2, 2, 0, 0, 1, 0, 2, 1, 0, 2, 1, 1, 2, 1, 2, 1, 1, 0, 0, 2, 2, 1, 0, 2, 1, 2, 2, 0, 0, 1, 0, 1, 1, 0, 1, 1, 2, 2, 1, 0, 2, 1, 2, 0, 0, 1, 2, 1, 0, 1, 1, 0, 1, 0, 0, 2, 2]
End Time: Seg Jul 4 18:18:26 BRT 2016 --- run in 0:14:24 ---

==> run_hypdp_cluster.sh.o199053 <==
Best: -37.0 	[0,0,2,1,0,0,1,2,2,1,1,0,1,2,1,2,2,0,0,1,2,0,0,1,0,2,1,1,0,0,2,2,0,0,2,0,1,2,1,1,2,2,1,0,0,1,1,1,1,1,2,1,1,1,1,2,2,1,0,2,0,2,0,1,1,0,1,0,0,2,2,1,1,2,1,1,1,1,0,1,1,1,1,0,0,1,1,1,2,1,1,1,1,1,0,1,0,2]
-37.0:[0, 0, 2, 1, 0, 0, 1, 2, 2, 1, 1, 0, 1, 2, 1, 2, 2, 0, 0, 1, 2, 0, 0, 1, 0, 2, 1, 1, 0, 0, 2, 2, 0, 0, 2, 0, 1, 2, 1, 1, 2, 2, 1, 0, 0, 1, 1, 1, 1, 1, 2, 1, 1, 1, 1, 2, 2, 1, 0, 2, 0, 2, 0, 1, 1, 0, 1, 0, 0, 2, 2, 1, 1, 2, 1, 1, 1, 1, 0, 1, 1, 1, 1, 0, 0, 1, 1, 1, 2, 1, 1, 1, 1, 1, 0, 1, 0, 2]
End Time: Seg Jul 4 18:15:39 BRT 2016 --- run in 0:11:12 ---

==> run_hypdp_cluster.sh.o199054 <==
Best: -38.0 	[1,1,0,0,2,2,1,2,1,0,0,2,0,0,2,0,1,1,2,2,0,2,2,0,0,1,1,1,2,2,1,1,1,1,0,2,1,0,0,1,2,2,1,1,1,2,2,0,0,2,1,0,1,0,0,2,1,1,1,2,1,0,2,0,1,0,0,2,0,2,1,1,2,2,1,0,2,0,2,1,0,0,1,1,1,2,0,0,2,0,0,2,2,0,1,1,0,1]
-38.0:[1, 1, 0, 0, 2, 2, 1, 2, 1, 0, 0, 2, 0, 0, 2, 0, 1, 1, 2, 2, 0, 2, 2, 0, 0, 1, 1, 1, 2, 2, 1, 1, 1, 1, 0, 2, 1, 0, 0, 1, 2, 2, 1, 1, 1, 2, 2, 0, 0, 2, 1, 0, 1, 0, 0, 2, 1, 1, 1, 2, 1, 0, 2, 0, 1, 0, 0, 2, 0, 2, 1, 1, 2, 2, 1, 0, 2, 0, 2, 1, 0, 0, 1, 1, 1, 2, 0, 0, 2, 0, 0, 2, 2, 0, 1, 1, 0, 1]
End Time: Seg Jul 4 18:16:07 BRT 2016 --- run in 0:11:10 ---

==> run_hypdp_cluster.sh.o199055 <==
Best: -34.0 	[2,0,1,1,1,0,0,1,1,2,2,1,1,1,0,1,1,1,0,1,0,1,0,2,2,1,1,2,2,0,1,1,1,2,2,0,0,1,0,1,2,2,1,1,1,2,1,1,1,0,0,1,1,1,1,1,1,1,1,0,1,0,0,2,1,1,2,1,2,2,0,0,2,0,1,1,0,2,0,0,1,0,2,2,1,2,1,1,0,1,1,2,1,2,1,2,0,1]
-34.0:[2, 0, 1, 1, 1, 0, 0, 1, 1, 2, 2, 1, 1, 1, 0, 1, 1, 1, 0, 1, 0, 1, 0, 2, 2, 1, 1, 2, 2, 0, 1, 1, 1, 2, 2, 0, 0, 1, 0, 1, 2, 2, 1, 1, 1, 2, 1, 1, 1, 0, 0, 1, 1, 1, 1, 1, 1, 1, 1, 0, 1, 0, 0, 2, 1, 1, 2, 1, 2, 2, 0, 0, 2, 0, 1, 1, 0, 2, 0, 0, 1, 0, 2, 2, 1, 2, 1, 1, 0, 1, 1, 2, 1, 2, 1, 2, 0, 1]
End Time: Seg Jul 4 18:20:07 BRT 2016 --- run in 0:15:5 ---

==> run_hypdp_cluster.sh.o199056 <==
Best: -39.0 	[1,1,2,1,0,0,1,1,0,2,1,1,0,2,1,2,2,0,0,2,1,0,0,2,2,1,1,1,0,1,0,1,0,2,1,1,0,1,2,1,2,2,0,1,2,0,0,1,0,2,0,1,2,0,0,2,1,2,0,1,2,2,1,0,1,0,0,2,2,1,2,1,0,1,0,0,2,1,0,2,1,0,1,1,0,0,1,2,2,1,1,1,2,0,0,1,0,2]
-39.0:[1, 1, 2, 1, 0, 0, 1, 1, 0, 2, 1, 1, 0, 2, 1, 2, 2, 0, 0, 2, 1, 0, 0, 2, 2, 1, 1, 1, 0, 1, 0, 1, 0, 2, 1, 1, 0, 1, 2, 1, 2, 2, 0, 1, 2, 0, 0, 1, 0, 2, 0, 1, 2, 0, 0, 2, 1, 2, 0, 1, 2, 2, 1, 0, 1, 0, 0, 2, 2, 1, 2, 1, 0, 1, 0, 0, 2, 1, 0, 2, 1, 0, 1, 1, 0, 0, 1, 2, 2, 1, 1, 1, 2, 0, 0, 1, 0, 2]
End Time: Seg Jul 4 18:16:38 BRT 2016 --- run in 0:11:11 ---

==> run_hypdp_cluster.sh.o199057 <==
Best: -38.0 	[0,1,1,2,0,0,1,2,0,0,2,0,1,0,0,2,2,1,2,0,2,2,0,2,1,1,0,2,1,1,2,2,0,1,1,1,2,0,0,1,0,1,1,2,1,2,2,0,1,0,1,1,0,1,2,0,1,0,1,1,1,2,1,1,2,2,1,0,1,1,1,1,1,0,0,1,1,2,2,1,0,0,2,0,0,2,0,1,2,2,1,1,0,1,1,0,0,1]
-38.0:[0, 1, 1, 2, 0, 0, 1, 2, 0, 0, 2, 0, 1, 0, 0, 2, 2, 1, 2, 0, 2, 2, 0, 2, 1, 1, 0, 2, 1, 1, 2, 2, 0, 1, 1, 1, 2, 0, 0, 1, 0, 1, 1, 2, 1, 2, 2, 0, 1, 0, 1, 1, 0, 1, 2, 0, 1, 0, 1, 1, 1, 2, 1, 1, 2, 2, 1, 0, 1, 1, 1, 1, 1, 0, 0, 1, 1, 2, 2, 1, 0, 0, 2, 0, 0, 2, 0, 1, 2, 2, 1, 1, 0, 1, 1, 0, 0, 1]
End Time: Seg Jul 4 18:17:41 BRT 2016 --- run in 0:11:14 ---

==> run_hypdp_cluster.sh.o199058 <==
Best: -36.0 	[1,0,0,1,2,1,2,2,0,1,0,0,2,1,0,0,2,1,0,2,2,0,0,1,1,2,1,2,2,0,1,1,1,2,2,0,0,1,0,2,2,1,2,1,0,0,1,1,2,2,0,0,1,2,2,1,0,1,2,2,1,0,0,1,2,2,1,0,0,1,1,2,2,1,0,1,2,0,0,1,1,1,1,0,0,1,1,2,2,1,0,2,0,1,0,1,2,1]
-36.0:[1, 0, 0, 1, 2, 1, 2, 2, 0, 1, 0, 0, 2, 1, 0, 0, 2, 1, 0, 2, 2, 0, 0, 1, 1, 2, 1, 2, 2, 0, 1, 1, 1, 2, 2, 0, 0, 1, 0, 2, 2, 1, 2, 1, 0, 0, 1, 1, 2, 2, 0, 0, 1, 2, 2, 1, 0, 1, 2, 2, 1, 0, 0, 1, 2, 2, 1, 0, 0, 1, 1, 2, 2, 1, 0, 1, 2, 0, 0, 1, 1, 1, 1, 0, 0, 1, 1, 2, 2, 1, 0, 2, 0, 1, 0, 1, 2, 1]
End Time: Seg Jul 4 18:17:54 BRT 2016 --- run in 0:11:12 ---

==> run_hypdp_cluster.sh.o199059 <==
Best: -38.0 	[1,2,1,1,2,2,1,0,1,2,0,0,1,1,1,0,0,1,2,2,1,0,1,1,1,2,0,0,2,0,1,1,0,2,1,0,0,1,1,0,2,2,1,2,1,1,1,0,1,1,1,2,2,1,0,2,1,2,0,1,1,0,2,1,0,0,1,1,0,2,2,0,1,2,2,1,1,1,1,1,1,2,0,0,1,0,1,1,1,1,1,2,1,2,2,0,1,1]
-38.0:[1, 2, 1, 1, 2, 2, 1, 0, 1, 2, 0, 0, 1, 1, 1, 0, 0, 1, 2, 2, 1, 0, 1, 1, 1, 2, 0, 0, 2, 0, 1, 1, 0, 2, 1, 0, 0, 1, 1, 0, 2, 2, 1, 2, 1, 1, 1, 0, 1, 1, 1, 2, 2, 1, 0, 2, 1, 2, 0, 1, 1, 0, 2, 1, 0, 0, 1, 1, 0, 2, 2, 0, 1, 2, 2, 1, 1, 1, 1, 1, 1, 2, 0, 0, 1, 0, 1, 1, 1, 1, 1, 2, 1, 2, 2, 0, 1, 1]
End Time: Seg Jul 4 18:20:41 BRT 2016 --- run in 0:11:14 ---

==> run_hypdp_cluster.sh.o199060 <==
Best: -34.0 	[2,1,0,1,2,1,1,0,0,1,1,1,0,2,1,2,2,0,2,1,1,1,1,0,1,1,1,2,1,1,2,0,2,2,1,1,0,0,1,2,2,1,0,0,1,2,0,2,1,1,1,1,2,1,1,1,2,2,1,1,0,1,1,0,2,0,0,1,0,2,2,1,1,2,2,0,0,1,0,1,1,0,2,2,1,0,2,0,1,2,1,1,2,2,1,0,1,2]
-34.0:[2, 1, 0, 1, 2, 1, 1, 0, 0, 1, 1, 1, 0, 2, 1, 2, 2, 0, 2, 1, 1, 1, 1, 0, 1, 1, 1, 2, 1, 1, 2, 0, 2, 2, 1, 1, 0, 0, 1, 2, 2, 1, 0, 0, 1, 2, 0, 2, 1, 1, 1, 1, 2, 1, 1, 1, 2, 2, 1, 1, 0, 1, 1, 0, 2, 0, 0, 1, 0, 2, 2, 1, 1, 2, 2, 0, 0, 1, 0, 1, 1, 0, 2, 2, 1, 0, 2, 0, 1, 2, 1, 1, 2, 2, 1, 0, 1, 2]
End Time: Seg Jul 4 18:22:08 BRT 2016 --- run in 0:11:56 ---

==> run_hypdp_cluster.sh.o199061 <==
Best: -35.0 	[1,2,0,0,1,2,2,0,0,1,1,0,0,2,1,1,2,2,1,0,1,2,2,0,0,1,1,0,1,0,2,0,1,2,1,1,1,1,0,0,2,0,0,2,2,1,2,0,2,0,0,2,1,0,1,1,2,0,0,2,0,1,2,2,1,1,0,0,1,2,2,1,1,0,0,1,1,1,0,1,2,2,0,2,2,0,2,1,1,1,1,1,0,0,1,1,1,1]
-35.0:[1, 2, 0, 0, 1, 2, 2, 0, 0, 1, 1, 0, 0, 2, 1, 1, 2, 2, 1, 0, 1, 2, 2, 0, 0, 1, 1, 0, 1, 0, 2, 0, 1, 2, 1, 1, 1, 1, 0, 0, 2, 0, 0, 2, 2, 1, 2, 0, 2, 0, 0, 2, 1, 0, 1, 1, 2, 0, 0, 2, 0, 1, 2, 2, 1, 1, 0, 0, 1, 2, 2, 1, 1, 0, 0, 1, 1, 1, 0, 1, 2, 2, 0, 2, 2, 0, 2, 1, 1, 1, 1, 1, 0, 0, 1, 1, 1, 1]
End Time: Seg Jul 4 18:22:22 BRT 2016 --- run in 0:10:55 ---

==> run_hypdp_cluster.sh.o199062 <==
Best: -32.0 	[1,1,2,2,0,0,2,2,0,0,1,0,1,1,2,2,1,1,0,0,2,2,0,2,0,1,1,1,0,0,2,1,1,0,1,0,1,2,2,1,1,1,2,2,0,1,1,1,1,0,2,0,1,0,0,2,2,0,1,0,0,2,2,1,2,1,0,0,2,2,0,1,1,2,2,1,0,2,2,0,0,1,2,2,1,0,1,0,0,2,1,1,0,1,1,0,1,2]
-32.0:[1, 1, 2, 2, 0, 0, 2, 2, 0, 0, 1, 0, 1, 1, 2, 2, 1, 1, 0, 0, 2, 2, 0, 2, 0, 1, 1, 1, 0, 0, 2, 1, 1, 0, 1, 0, 1, 2, 2, 1, 1, 1, 2, 2, 0, 1, 1, 1, 1, 0, 2, 0, 1, 0, 0, 2, 2, 0, 1, 0, 0, 2, 2, 1, 2, 1, 0, 0, 2, 2, 0, 1, 1, 2, 2, 1, 0, 2, 2, 0, 0, 1, 2, 2, 1, 0, 1, 0, 0, 2, 1, 1, 0, 1, 1, 0, 1, 2]
End Time: Seg Jul 4 18:22:22 BRT 2016 --- run in 0:10:55 ---

==> run_hypdp_cluster.sh.o199063 <==
Best: -37.0 	[2,2,0,2,1,2,2,0,0,2,0,0,2,2,0,0,1,2,1,0,0,1,1,0,2,2,1,2,1,1,1,0,2,1,1,2,2,0,1,1,0,0,1,2,0,2,2,0,1,2,2,0,1,2,2,1,0,0,1,2,1,0,1,1,0,0,1,2,2,1,1,1,1,2,2,1,0,1,0,0,2,2,1,2,1,1,1,2,0,1,0,1,2,2,1,0,1,1]
-37.0:[2, 2, 0, 2, 1, 2, 2, 0, 0, 2, 0, 0, 2, 2, 0, 0, 1, 2, 1, 0, 0, 1, 1, 0, 2, 2, 1, 2, 1, 1, 1, 0, 2, 1, 1, 2, 2, 0, 1, 1, 0, 0, 1, 2, 0, 2, 2, 0, 1, 2, 2, 0, 1, 2, 2, 1, 0, 0, 1, 2, 1, 0, 1, 1, 0, 0, 1, 2, 2, 1, 1, 1, 1, 2, 2, 1, 0, 1, 0, 0, 2, 2, 1, 2, 1, 1, 1, 2, 0, 1, 0, 1, 2, 2, 1, 0, 1, 1]
End Time: Seg Jul 4 18:22:51 BRT 2016 --- run in 0:11:9 ---

==> run_hypdp_cluster.sh.o199064 <==
Best: -36.0 	[0,1,0,2,1,2,2,0,0,1,2,2,1,0,2,2,1,0,1,1,0,0,1,2,2,1,0,1,1,1,0,1,2,0,0,2,0,1,0,0,2,2,1,2,1,1,0,2,2,1,2,0,0,2,1,2,1,0,1,0,1,2,2,1,0,1,0,0,2,2,1,2,0,2,2,0,2,1,0,0,2,2,1,0,0,1,2,2,1,0,2,2,1,1,1,2,0,0]
-36.0:[0, 1, 0, 2, 1, 2, 2, 0, 0, 1, 2, 2, 1, 0, 2, 2, 1, 0, 1, 1, 0, 0, 1, 2, 2, 1, 0, 1, 1, 1, 0, 1, 2, 0, 0, 2, 0, 1, 0, 0, 2, 2, 1, 2, 1, 1, 0, 2, 2, 1, 2, 0, 0, 2, 1, 2, 1, 0, 1, 0, 1, 2, 2, 1, 0, 1, 0, 0, 2, 2, 1, 2, 0, 2, 2, 0, 2, 1, 0, 0, 2, 2, 1, 0, 0, 1, 2, 2, 1, 0, 2, 2, 1, 1, 1, 2, 0, 0]
End Time: Seg Jul 4 18:22:48 BRT 2016 --- run in 0:10:51 ---

==> run_hypdp_cluster.sh.o199065 <==
Best: -34.0 	[1,0,1,0,2,1,1,1,1,2,2,1,1,1,0,0,1,2,2,1,0,2,2,1,0,0,2,1,1,0,1,1,1,1,1,1,0,2,2,0,2,0,0,1,0,2,1,1,2,0,1,1,2,0,1,0,1,1,0,0,2,1,2,1,0,0,2,1,1,2,2,1,0,0,1,1,2,1,2,2,0,0,1,1,2,1,2,2,0,0,2,1,0,1,1,2,2,0]
-34.0:[1, 0, 1, 0, 2, 1, 1, 1, 1, 2, 2, 1, 1, 1, 0, 0, 1, 2, 2, 1, 0, 2, 2, 1, 0, 0, 2, 1, 1, 0, 1, 1, 1, 1, 1, 1, 0, 2, 2, 0, 2, 0, 0, 1, 0, 2, 1, 1, 2, 0, 1, 1, 2, 0, 1, 0, 1, 1, 0, 0, 2, 1, 2, 1, 0, 0, 2, 1, 1, 2, 2, 1, 0, 0, 1, 1, 2, 1, 2, 2, 0, 0, 1, 1, 2, 1, 2, 2, 0, 0, 2, 1, 0, 1, 1, 2, 2, 0]
End Time: Seg Jul 4 18:23:17 BRT 2016 --- run in 0:10:50 ---

==> run_hypdp_cluster.sh.o199066 <==
Best: -34.0 	[2,1,2,0,1,2,2,1,0,1,0,0,2,1,1,1,2,2,1,0,0,1,1,2,1,1,1,2,1,1,0,0,1,1,1,1,1,1,0,1,0,0,2,1,2,1,2,1,1,1,0,0,2,1,0,1,0,1,2,2,1,0,2,2,0,0,1,2,2,1,0,0,2,0,1,0,1,1,2,2,1,1,0,2,2,0,2,2,0,1,1,1,2,0,2,2,0,1]
-34.0:[2, 1, 2, 0, 1, 2, 2, 1, 0, 1, 0, 0, 2, 1, 1, 1, 2, 2, 1, 0, 0, 1, 1, 2, 1, 1, 1, 2, 1, 1, 0, 0, 1, 1, 1, 1, 1, 1, 0, 1, 0, 0, 2, 1, 2, 1, 2, 1, 1, 1, 0, 0, 2, 1, 0, 1, 0, 1, 2, 2, 1, 0, 2, 2, 0, 0, 1, 2, 2, 1, 0, 0, 2, 0, 1, 0, 1, 1, 2, 2, 1, 1, 0, 2, 2, 0, 2, 2, 0, 1, 1, 1, 2, 0, 2, 2, 0, 1]
End Time: Seg Jul 4 18:23:31 BRT 2016 --- run in 0:10:49 ---

==> run_hypdp_cluster.sh.o199067 <==
Best: -35.0 	[0,0,2,1,1,0,0,1,1,2,2,1,0,1,2,2,1,0,2,0,0,2,2,1,0,2,2,0,1,1,0,0,1,2,0,1,1,0,2,2,1,2,0,2,2,0,0,1,1,1,2,1,2,2,0,1,1,0,1,1,1,2,2,0,0,1,1,2,2,1,1,0,0,1,1,1,1,0,0,2,2,0,1,1,0,0,1,2,1,2,2,0,1,0,1,1,0,2]
-35.0:[0, 0, 2, 1, 1, 0, 0, 1, 1, 2, 2, 1, 0, 1, 2, 2, 1, 0, 2, 0, 0, 2, 2, 1, 0, 2, 2, 0, 1, 1, 0, 0, 1, 2, 0, 1, 1, 0, 2, 2, 1, 2, 0, 2, 2, 0, 0, 1, 1, 1, 2, 1, 2, 2, 0, 1, 1, 0, 1, 1, 1, 2, 2, 0, 0, 1, 1, 2, 2, 1, 1, 0, 0, 1, 1, 1, 1, 0, 0, 2, 2, 0, 1, 1, 0, 0, 1, 2, 1, 2, 2, 0, 1, 0, 1, 1, 0, 2]
End Time: Seg Jul 4 18:24:36 BRT 2016 --- run in 0:11:9 ---

==> run_hypdp_cluster.sh.o199068 <==
Best: -39.0 	[1,2,1,0,1,2,1,0,0,1,2,2,0,1,2,2,1,0,2,0,0,2,2,0,0,2,1,2,2,0,1,0,2,2,1,2,1,0,0,1,2,2,1,0,0,2,1,0,1,0,2,1,2,2,0,1,0,0,2,2,1,0,1,0,0,2,2,1,1,2,2,0,0,1,0,2,1,0,0,1,2,2,0,0,1,0,2,1,1,1,2,1,1,2,2,1,0,1]
-39.0:[1, 2, 1, 0, 1, 2, 1, 0, 0, 1, 2, 2, 0, 1, 2, 2, 1, 0, 2, 0, 0, 2, 2, 0, 0, 2, 1, 2, 2, 0, 1, 0, 2, 2, 1, 2, 1, 0, 0, 1, 2, 2, 1, 0, 0, 2, 1, 0, 1, 0, 2, 1, 2, 2, 0, 1, 0, 0, 2, 2, 1, 0, 1, 0, 0, 2, 2, 1, 1, 2, 2, 0, 0, 1, 0, 2, 1, 0, 0, 1, 2, 2, 0, 0, 1, 0, 2, 1, 1, 1, 2, 1, 1, 2, 2, 1, 0, 1]
End Time: Seg Jul 4 18:26:02 BRT 2016 --- run in 0:11:5 ---

==> run_hypdp_cluster.sh.o199069 <==
Best: -33.0 	[0,2,2,0,2,1,0,1,0,1,2,2,1,1,2,0,0,2,2,0,0,1,1,1,0,0,2,2,1,1,1,2,2,1,0,1,2,0,1,2,1,2,2,0,0,1,1,0,1,0,2,2,1,2,0,1,2,2,1,0,1,1,1,1,0,0,1,1,1,2,1,1,2,2,1,0,1,1,1,1,0,0,1,1,2,0,2,0,1,1,1,1,2,2,1,1,1,1]
-33.0:[0, 2, 2, 0, 2, 1, 0, 1, 0, 1, 2, 2, 1, 1, 2, 0, 0, 2, 2, 0, 0, 1, 1, 1, 0, 0, 2, 2, 1, 1, 1, 2, 2, 1, 0, 1, 2, 0, 1, 2, 1, 2, 2, 0, 0, 1, 1, 0, 1, 0, 2, 2, 1, 2, 0, 1, 2, 2, 1, 0, 1, 1, 1, 1, 0, 0, 1, 1, 1, 2, 1, 1, 2, 2, 1, 0, 1, 1, 1, 1, 0, 0, 1, 1, 2, 0, 2, 0, 1, 1, 1, 1, 2, 2, 1, 1, 1, 1]
End Time: Seg Jul 4 18:26:41 BRT 2016 --- run in 0:10:59 ---

==> run_hypdp_cluster.sh.o199070 <==
Best: -36.0 	[1,2,1,2,0,0,1,0,1,1,1,2,2,1,0,0,1,1,2,1,0,2,2,0,1,2,2,1,0,1,1,2,2,1,1,0,0,1,1,1,1,2,2,1,0,0,1,1,2,0,2,0,0,1,2,1,0,1,2,2,1,0,0,1,1,0,2,1,2,2,0,1,1,2,2,1,0,0,2,2,0,0,1,2,2,1,1,0,1,1,0,2,0,0,1,0,2,2]
-36.0:[1, 2, 1, 2, 0, 0, 1, 0, 1, 1, 1, 2, 2, 1, 0, 0, 1, 1, 2, 1, 0, 2, 2, 0, 1, 2, 2, 1, 0, 1, 1, 2, 2, 1, 1, 0, 0, 1, 1, 1, 1, 2, 2, 1, 0, 0, 1, 1, 2, 0, 2, 0, 0, 1, 2, 1, 0, 1, 2, 2, 1, 0, 0, 1, 1, 0, 2, 1, 2, 2, 0, 1, 1, 2, 2, 1, 0, 0, 2, 2, 0, 0, 1, 2, 2, 1, 1, 0, 1, 1, 0, 2, 0, 0, 1, 0, 2, 2]
End Time: Seg Jul 4 18:27:00 BRT 2016 --- run in 0:11:3 ---

==> run_hypdp_cluster.sh.o199071 <==
Best: -35.0 	[1,1,1,0,1,0,2,2,1,1,1,2,1,0,2,2,1,2,1,0,0,1,1,2,1,1,1,0,1,1,0,0,1,2,1,2,0,2,0,0,1,1,2,2,0,0,2,0,1,2,0,2,2,0,2,1,1,2,0,1,2,2,1,0,0,1,1,2,2,1,0,0,1,1,2,2,0,1,0,0,2,0,1,1,0,2,1,0,2,2,0,1,0,1,1,0,0,1]
-35.0:[1, 1, 1, 0, 1, 0, 2, 2, 1, 1, 1, 2, 1, 0, 2, 2, 1, 2, 1, 0, 0, 1, 1, 2, 1, 1, 1, 0, 1, 1, 0, 0, 1, 2, 1, 2, 0, 2, 0, 0, 1, 1, 2, 2, 0, 0, 2, 0, 1, 2, 0, 2, 2, 0, 2, 1, 1, 2, 0, 1, 2, 2, 1, 0, 0, 1, 1, 2, 2, 1, 0, 0, 1, 1, 2, 2, 0, 1, 0, 0, 2, 0, 1, 1, 0, 2, 1, 0, 2, 2, 0, 1, 0, 1, 1, 0, 0, 1]
End Time: Seg Jul 4 18:32:53 BRT 2016 --- run in 0:17:6 ---

==> run_hypdp_cluster.sh.o199072 <==
Best: -36.0 	[0,2,1,0,2,2,1,1,0,2,1,0,0,1,1,0,2,1,2,2,0,2,1,0,0,1,2,1,2,2,0,1,2,1,0,1,2,0,2,1,0,0,1,1,2,2,1,1,0,2,2,1,1,1,1,0,2,2,0,1,0,0,2,1,1,1,0,0,1,1,2,1,0,2,2,1,1,2,2,0,0,1,0,2,2,1,1,1,0,1,2,1,2,2,0,1,2,0]
-36.0:[0, 2, 1, 0, 2, 2, 1, 1, 0, 2, 1, 0, 0, 1, 1, 0, 2, 1, 2, 2, 0, 2, 1, 0, 0, 1, 2, 1, 2, 2, 0, 1, 2, 1, 0, 1, 2, 0, 2, 1, 0, 0, 1, 1, 2, 2, 1, 1, 0, 2, 2, 1, 1, 1, 1, 0, 2, 2, 0, 1, 0, 0, 2, 1, 1, 1, 0, 0, 1, 1, 2, 1, 0, 2, 2, 1, 1, 2, 2, 0, 0, 1, 0, 2, 2, 1, 1, 1, 0, 1, 2, 1, 2, 2, 0, 1, 2, 0]
End Time: Seg Jul 4 18:27:15 BRT 2016 --- run in 0:11:3 ---

==> run_hypdp_cluster.sh.o199073 <==
Best: -38.0 	[1,1,1,1,0,0,2,0,0,2,2,1,0,2,0,2,2,1,2,0,2,0,1,0,0,2,1,0,2,2,1,1,1,1,2,1,2,1,0,1,0,0,2,1,0,1,1,2,1,0,2,2,0,2,1,2,0,1,2,2,1,0,0,1,1,2,2,0,0,1,0,1,2,0,0,1,2,1,2,2,0,1,1,0,0,1,2,2,0,1,0,1,1,0,1,0,0,2]
-38.0:[1, 1, 1, 1, 0, 0, 2, 0, 0, 2, 2, 1, 0, 2, 0, 2, 2, 1, 2, 0, 2, 0, 1, 0, 0, 2, 1, 0, 2, 2, 1, 1, 1, 1, 2, 1, 2, 1, 0, 1, 0, 0, 2, 1, 0, 1, 1, 2, 1, 0, 2, 2, 0, 2, 1, 2, 0, 1, 2, 2, 1, 0, 0, 1, 1, 2, 2, 0, 0, 1, 0, 1, 2, 0, 0, 1, 2, 1, 2, 2, 0, 1, 1, 0, 0, 1, 2, 2, 0, 1, 0, 1, 1, 0, 1, 0, 0, 2]
End Time: Seg Jul 4 18:27:37 BRT 2016 --- run in 0:10:55 ---

==> run_hypdp_cluster.sh.o199074 <==
Best: -38.0 	[1,0,2,0,1,2,1,0,0,1,2,2,1,1,2,1,0,0,2,2,1,0,0,2,2,1,1,2,1,0,2,2,1,1,0,1,1,0,0,1,2,2,0,2,2,0,0,1,2,1,1,0,1,0,1,2,1,1,0,0,1,2,1,2,2,0,0,1,0,1,1,2,0,0,1,0,2,2,1,2,1,1,1,2,1,1,2,0,1,1,1,0,1,0,0,2,1,2]
-38.0:[1, 0, 2, 0, 1, 2, 1, 0, 0, 1, 2, 2, 1, 1, 2, 1, 0, 0, 2, 2, 1, 0, 0, 2, 2, 1, 1, 2, 1, 0, 2, 2, 1, 1, 0, 1, 1, 0, 0, 1, 2, 2, 0, 2, 2, 0, 0, 1, 2, 1, 1, 0, 1, 0, 1, 2, 1, 1, 0, 0, 1, 2, 1, 2, 2, 0, 0, 1, 0, 1, 1, 2, 0, 0, 1, 0, 2, 2, 1, 2, 1, 1, 1, 2, 1, 1, 2, 0, 1, 1, 1, 0, 1, 0, 0, 2, 1, 2]
End Time: Seg Jul 4 18:28:54 BRT 2016 --- run in 0:10:57 ---

==> run_hypdp_cluster.sh.o199075 <==
Best: -36.0 	[1,1,1,1,2,2,1,1,0,1,1,0,0,1,2,2,1,1,2,0,1,0,0,2,2,1,0,2,1,1,2,0,2,1,2,0,0,1,2,1,2,2,0,1,0,0,2,1,1,2,2,0,1,1,1,1,2,2,1,1,1,0,0,1,2,2,1,0,2,0,0,2,0,0,1,2,1,1,0,0,2,2,1,2,0,1,1,0,1,1,0,1,1,0,0,1,2,2]
-36.0:[1, 1, 1, 1, 2, 2, 1, 1, 0, 1, 1, 0, 0, 1, 2, 2, 1, 1, 2, 0, 1, 0, 0, 2, 2, 1, 0, 2, 1, 1, 2, 0, 2, 1, 2, 0, 0, 1, 2, 1, 2, 2, 0, 1, 0, 0, 2, 1, 1, 2, 2, 0, 1, 1, 1, 1, 2, 2, 1, 1, 1, 0, 0, 1, 2, 2, 1, 0, 2, 0, 0, 2, 0, 0, 1, 2, 1, 1, 0, 0, 2, 2, 1, 2, 0, 1, 1, 0, 1, 1, 0, 1, 1, 0, 0, 1, 2, 2]
End Time: Seg Jul 4 18:28:55 BRT 2016 --- run in 0:10:58 ---

==> run_hypdp_cluster.sh.o199076 <==
Best: -39.0 	[2,1,1,1,2,2,1,1,0,2,0,0,1,0,2,2,0,1,2,2,0,2,2,0,0,2,0,1,0,0,2,1,1,1,2,0,2,2,1,0,0,1,1,0,1,1,0,2,0,2,2,0,2,2,0,1,2,2,0,0,1,2,2,1,0,1,0,0,2,1,0,2,1,2,2,0,1,2,2,0,0,2,1,1,1,1,1,0,1,1,1,0,0,2,0,0,2,2]
-39.0:[2, 1, 1, 1, 2, 2, 1, 1, 0, 2, 0, 0, 1, 0, 2, 2, 0, 1, 2, 2, 0, 2, 2, 0, 0, 2, 0, 1, 0, 0, 2, 1, 1, 1, 2, 0, 2, 2, 1, 0, 0, 1, 1, 0, 1, 1, 0, 2, 0, 2, 2, 0, 2, 2, 0, 1, 2, 2, 0, 0, 1, 2, 2, 1, 0, 1, 0, 0, 2, 1, 0, 2, 1, 2, 2, 0, 1, 2, 2, 0, 0, 2, 1, 1, 1, 1, 1, 0, 1, 1, 1, 0, 0, 2, 0, 0, 2, 2]
End Time: Seg Jul 4 18:30:26 BRT 2016 --- run in 0:12:24 ---

==> run_hypdp_cluster.sh.o199077 <==
Best: -36.0 	[0,1,0,1,2,2,1,0,1,1,1,0,0,2,0,0,2,2,1,2,0,0,2,0,0,2,0,2,0,2,1,1,1,0,0,2,2,0,0,1,1,1,1,1,1,1,1,1,1,1,2,2,1,0,2,0,2,0,1,1,2,2,0,2,2,0,1,2,0,0,1,1,1,0,0,1,2,2,0,1,1,1,1,0,0,2,1,1,1,1,1,0,0,2,0,0,2,2]
-36.0:[0, 1, 0, 1, 2, 2, 1, 0, 1, 1, 1, 0, 0, 2, 0, 0, 2, 2, 1, 2, 0, 0, 2, 0, 0, 2, 0, 2, 0, 2, 1, 1, 1, 0, 0, 2, 2, 0, 0, 1, 1, 1, 1, 1, 1, 1, 1, 1, 1, 1, 2, 2, 1, 0, 2, 0, 2, 0, 1, 1, 2, 2, 0, 2, 2, 0, 1, 2, 0, 0, 1, 1, 1, 0, 0, 1, 2, 2, 0, 1, 1, 1, 1, 0, 0, 2, 1, 1, 1, 1, 1, 0, 0, 2, 0, 0, 2, 2]
End Time: Seg Jul 4 18:30:14 BRT 2016 --- run in 0:11:57 ---

==> run_hypdp_cluster.sh.o199078 <==
Best: -39.0 	[2,1,2,1,0,0,2,0,0,2,1,2,0,1,2,2,1,1,0,1,2,2,1,0,0,1,1,0,2,1,1,0,1,0,1,1,1,1,2,1,2,2,0,1,1,1,1,2,0,1,1,2,0,0,2,0,1,0,1,0,2,2,1,1,0,1,0,0,2,2,1,1,1,2,2,1,0,1,0,0,2,2,0,2,2,0,2,2,0,0,2,0,2,2,1,2,0,0]
-39.0:[2, 1, 2, 1, 0, 0, 2, 0, 0, 2, 1, 2, 0, 1, 2, 2, 1, 1, 0, 1, 2, 2, 1, 0, 0, 1, 1, 0, 2, 1, 1, 0, 1, 0, 1, 1, 1, 1, 2, 1, 2, 2, 0, 1, 1, 1, 1, 2, 0, 1, 1, 2, 0, 0, 2, 0, 1, 0, 1, 0, 2, 2, 1, 1, 0, 1, 0, 0, 2, 2, 1, 1, 1, 2, 2, 1, 0, 1, 0, 0, 2, 2, 0, 2, 2, 0, 2, 2, 0, 0, 2, 0, 2, 2, 1, 2, 0, 0]
End Time: Seg Jul 4 18:30:52 BRT 2016 --- run in 0:12:20 ---
