==> run_hypdp_cluster.sh.o199319 <==
Best: -31.0 	[1,2,1,1,1,0,0,2,0,0,2,1,1,2,2,1,0,1,2,2,0,0,1,0,1,2,2,1,1,1,1,2,1,1,2,2,1,0,0,1,1,0,2,0,1,0,1,1,1,2,2,1,0,0,1,2,2,1]
-31.0:[1, 2, 1, 1, 1, 0, 0, 2, 0, 0, 2, 1, 1, 2, 2, 1, 0, 1, 2, 2, 0, 0, 1, 0, 1, 2, 2, 1, 1, 1, 1, 2, 1, 1, 2, 2, 1, 0, 0, 1, 1, 0, 2, 0, 1, 0, 1, 1, 1, 2, 2, 1, 0, 0, 1, 2, 2, 1]
End Time: Ter Jul 5 14:55:28 BRT 2016 --- run in 0:17:26 ---

==> run_hypdp_cluster.sh.o199320 <==
Best: -28.0 	[1,2,1,0,0,1,1,2,0,0,1,0,2,2,1,2,1,1,0,0,1,1,2,1,0,0,1,2,1,2,1,2,0,2,0,0,1,0,2,2,1,2,1,1,1,2,1,0,2,1,0,0,2,2,0,2,1,0]
-28.0:[1, 2, 1, 0, 0, 1, 1, 2, 0, 0, 1, 0, 2, 2, 1, 2, 1, 1, 0, 0, 1, 1, 2, 1, 0, 0, 1, 2, 1, 2, 1, 2, 0, 2, 0, 0, 1, 0, 2, 2, 1, 2, 1, 1, 1, 2, 1, 0, 2, 1, 0, 0, 2, 2, 0, 2, 1, 0]
End Time: Ter Jul 5 14:58:49 BRT 2016 --- run in 0:10:51 ---

==> run_hypdp_cluster.sh.o199321 <==
Best: -30.0 	[1,2,1,0,1,0,0,2,2,1,2,1,1,1,0,0,1,2,2,0,0,1,0,1,2,2,1,1,1,2,2,0,1,1,2,1,0,1,0,0,2,2,1,0,0,1,1,2,0,0,2,2,1,2,1,1,2,0]
-30.0:[1, 2, 1, 0, 1, 0, 0, 2, 2, 1, 2, 1, 1, 1, 0, 0, 1, 2, 2, 0, 0, 1, 0, 1, 2, 2, 1, 1, 1, 2, 2, 0, 1, 1, 2, 1, 0, 1, 0, 0, 2, 2, 1, 0, 0, 1, 1, 2, 0, 0, 2, 2, 1, 2, 1, 1, 2, 0]
End Time: Ter Jul 5 15:00:25 BRT 2016 --- run in 0:10:57 ---

==> run_hypdp_cluster.sh.o199322 <==
Best: -30.0 	[1,2,1,2,0,0,1,0,1,1,1,1,1,1,1,2,2,1,1,0,2,2,0,1,1,0,0,1,2,1,0,0,2,2,0,0,1,2,1,2,2,0,0,2,0,0,1,2,0,0,2,2,1,2,1,0,0,2]
-30.0:[1, 2, 1, 2, 0, 0, 1, 0, 1, 1, 1, 1, 1, 1, 1, 2, 2, 1, 1, 0, 2, 2, 0, 1, 1, 0, 0, 1, 2, 1, 0, 0, 2, 2, 0, 0, 1, 2, 1, 2, 2, 0, 0, 2, 0, 0, 1, 2, 0, 0, 2, 2, 1, 2, 1, 0, 0, 2]
End Time: Ter Jul 5 15:00:22 BRT 2016 --- run in 0:10:54 ---

==> run_hypdp_cluster.sh.o199323 <==
Best: -27.0 	[1,1,2,2,0,0,1,0,1,2,2,0,1,1,0,1,0,1,1,1,1,2,1,1,1,2,1,1,2,1,2,2,0,0,1,0,1,1,1,1,2,0,1,0,1,0,1,1,1,2,2,1,0,0,1,2,2,1]
-27.0:[1, 1, 2, 2, 0, 0, 1, 0, 1, 2, 2, 0, 1, 1, 0, 1, 0, 1, 1, 1, 1, 2, 1, 1, 1, 2, 1, 1, 2, 1, 2, 2, 0, 0, 1, 0, 1, 1, 1, 1, 2, 0, 1, 0, 1, 0, 1, 1, 1, 2, 2, 1, 0, 0, 1, 2, 2, 1]
End Time: Ter Jul 5 15:01:51 BRT 2016 --- run in 0:10:53 ---

==> run_hypdp_cluster.sh.o199324 <==
Best: -28.0 	[2,0,2,1,2,2,0,0,2,1,1,1,1,0,0,1,1,2,2,0,0,2,1,0,2,0,1,1,0,1,0,1,1,2,2,1,0,0,1,2,2,1,1,1,1,1,0,1,1,0,0,1,2,2,1,1,0,2]
-28.0:[2, 0, 2, 1, 2, 2, 0, 0, 2, 1, 1, 1, 1, 0, 0, 1, 1, 2, 2, 0, 0, 2, 1, 0, 2, 0, 1, 1, 0, 1, 0, 1, 1, 2, 2, 1, 0, 0, 1, 2, 2, 1, 1, 1, 1, 1, 0, 1, 1, 0, 0, 1, 2, 2, 1, 1, 0, 2]
End Time: Ter Jul 5 15:07:35 BRT 2016 --- run in 0:16:48 ---

==> run_hypdp_cluster.sh.o199325 <==
Best: -32.0 	[1,2,2,1,0,0,1,2,2,1,1,2,0,0,1,0,1,1,1,2,1,2,2,0,0,1,0,2,1,0,0,1,2,1,0,0,2,1,2,2,0,1,1,0,1,1,0,0,1,2,2,1,0,0,2,2,1,1]
-32.0:[1, 2, 2, 1, 0, 0, 1, 2, 2, 1, 1, 2, 0, 0, 1, 0, 1, 1, 1, 2, 1, 2, 2, 0, 0, 1, 0, 2, 1, 0, 0, 1, 2, 1, 0, 0, 2, 1, 2, 2, 0, 1, 1, 0, 1, 1, 0, 0, 1, 2, 2, 1, 0, 0, 2, 2, 1, 1]
End Time: Ter Jul 5 15:09:39 BRT 2016 --- run in 0:16:52 ---

==> run_hypdp_cluster.sh.o199326 <==
Best: -30.0 	[2,0,1,0,2,2,1,1,1,2,0,0,2,1,2,1,2,1,1,1,2,0,0,1,1,2,0,0,1,0,1,2,1,1,1,1,2,2,1,1,1,0,1,1,0,1,0,0,2,2,1,2,0,0,2,0,1,1]
-30.0:[2, 0, 1, 0, 2, 2, 1, 1, 1, 2, 0, 0, 2, 1, 2, 1, 2, 1, 1, 1, 2, 0, 0, 1, 1, 2, 0, 0, 1, 0, 1, 2, 1, 1, 1, 1, 2, 2, 1, 1, 1, 0, 1, 1, 0, 1, 0, 0, 2, 2, 1, 2, 0, 0, 2, 0, 1, 1]
End Time: Ter Jul 5 15:07:03 BRT 2016 --- run in 0:10:50 ---

==> run_hypdp_cluster.sh.o199327 <==
Best: -31.0 	[0,2,1,1,0,1,1,0,0,1,2,1,1,2,1,2,2,0,0,1,2,0,0,1,0,2,1,2,2,0,2,1,1,1,2,1,0,2,0,1,0,0,2,1,0,2,0,2,0,0,2,2,1,2,1,0,0,2]
-31.0:[0, 2, 1, 1, 0, 1, 1, 0, 0, 1, 2, 1, 1, 2, 1, 2, 2, 0, 0, 1, 2, 0, 0, 1, 0, 2, 1, 2, 2, 0, 2, 1, 1, 1, 2, 1, 0, 2, 0, 1, 0, 0, 2, 1, 0, 2, 0, 2, 0, 0, 2, 2, 1, 2, 1, 0, 0, 2]
End Time: Ter Jul 5 15:14:49 BRT 2016 --- run in 0:17:17 ---

==> run_hypdp_cluster.sh.o199328 <==
Best: -29.0 	[0,0,2,1,0,2,0,1,2,0,0,2,2,1,2,1,0,2,2,1,0,0,2,1,0,0,1,2,2,1,1,2,1,1,2,1,0,0,2,1,0,2,0,1,0,0,2,0,2,2,0,1,2,0,0,2,2,1]
-29.0:[0, 0, 2, 1, 0, 2, 0, 1, 2, 0, 0, 2, 2, 1, 2, 1, 0, 2, 2, 1, 0, 0, 2, 1, 0, 0, 1, 2, 2, 1, 1, 2, 1, 1, 2, 1, 0, 0, 2, 1, 0, 2, 0, 1, 0, 0, 2, 0, 2, 2, 0, 1, 2, 0, 0, 2, 2, 1]
End Time: Ter Jul 5 15:09:48 BRT 2016 --- run in 0:10:50 ---

==> run_hypdp_cluster.sh.o199329 <==
Best: -27.0 	[1,1,1,1,0,0,1,2,2,1,0,0,1,1,1,1,1,0,0,1,1,2,2,1,1,1,0,0,2,0,1,2,1,0,1,0,0,2,2,1,1,1,2,1,1,2,2,1,0,0,1,2,1,1,0,0,1,1]
-27.0:[1, 1, 1, 1, 0, 0, 1, 2, 2, 1, 0, 0, 1, 1, 1, 1, 1, 0, 0, 1, 1, 2, 2, 1, 1, 1, 0, 0, 2, 0, 1, 2, 1, 0, 1, 0, 0, 2, 2, 1, 1, 1, 2, 1, 1, 2, 2, 1, 0, 0, 1, 2, 1, 1, 0, 0, 1, 1]
End Time: Ter Jul 5 15:11:25 BRT 2016 --- run in 0:10:57 ---

==> run_hypdp_cluster.sh.o199330 <==
Best: -29.0 	[2,2,1,0,0,1,2,2,1,1,0,0,2,1,0,0,1,2,2,1,1,1,1,0,1,1,1,0,1,1,0,1,0,1,2,2,1,1,2,1,0,2,1,0,1,0,0,2,1,0,2,2,1,2,1,0,0,1]
-29.0:[2, 2, 1, 0, 0, 1, 2, 2, 1, 1, 0, 0, 2, 1, 0, 0, 1, 2, 2, 1, 1, 1, 1, 0, 1, 1, 1, 0, 1, 1, 0, 1, 0, 1, 2, 2, 1, 1, 2, 1, 0, 2, 1, 0, 1, 0, 0, 2, 1, 0, 2, 2, 1, 2, 1, 0, 0, 1]
End Time: Ter Jul 5 15:11:22 BRT 2016 --- run in 0:10:54 ---

==> run_hypdp_cluster.sh.o199331 <==
Best: -30.0 	[1,1,1,1,2,1,2,0,0,1,0,1,2,2,1,1,2,1,1,1,2,1,1,0,1,1,1,0,1,0,1,0,2,2,1,2,0,1,0,0,2,2,1,1,0,0,1,1,2,2,1,0,1,0,0,2,2,1]
-30.0:[1, 1, 1, 1, 2, 1, 2, 0, 0, 1, 0, 1, 2, 2, 1, 1, 2, 1, 1, 1, 2, 1, 1, 0, 1, 1, 1, 0, 1, 0, 1, 0, 2, 2, 1, 2, 0, 1, 0, 0, 2, 2, 1, 1, 0, 0, 1, 1, 2, 2, 1, 0, 1, 0, 0, 2, 2, 1]
End Time: Ter Jul 5 15:12:52 BRT 2016 --- run in 0:10:53 ---

==> run_hypdp_cluster.sh.o199332 <==
Best: -32.0 	[1,0,1,1,2,2,0,0,1,2,1,1,0,2,2,1,2,1,1,0,0,1,1,1,0,2,1,2,2,0,2,1,1,1,1,0,0,2,0,0,2,2,1,2,1,1,2,0,2,1,0,0,1,2,1,0,0,1]
-32.0:[1, 0, 1, 1, 2, 2, 0, 0, 1, 2, 1, 1, 0, 2, 2, 1, 2, 1, 1, 0, 0, 1, 1, 1, 0, 2, 1, 2, 2, 0, 2, 1, 1, 1, 1, 0, 0, 2, 0, 0, 2, 2, 1, 2, 1, 1, 2, 0, 2, 1, 0, 0, 1, 2, 1, 0, 0, 1]
End Time: Ter Jul 5 15:14:16 BRT 2016 --- run in 0:11:3 ---

==> run_hypdp_cluster.sh.o199333 <==
Best: -30.0 	[1,1,1,1,0,0,1,1,2,2,1,1,1,1,0,1,1,1,1,0,1,0,0,2,2,0,0,2,2,1,2,1,1,1,0,1,0,0,2,2,1,2,0,0,2,0,0,1,1,1,2,2,1,0,1,2,2,0]
-30.0:[1, 1, 1, 1, 0, 0, 1, 1, 2, 2, 1, 1, 1, 1, 0, 1, 1, 1, 1, 0, 1, 0, 0, 2, 2, 0, 0, 2, 2, 1, 2, 1, 1, 1, 0, 1, 0, 0, 2, 2, 1, 2, 0, 0, 2, 0, 0, 1, 1, 1, 2, 2, 1, 0, 1, 2, 2, 0]
End Time: Ter Jul 5 15:15:31 BRT 2016 --- run in 0:11:3 ---

==> run_hypdp_cluster.sh.o199334 <==
Best: -30.0 	[1,2,2,0,0,1,0,2,0,0,2,0,1,1,2,2,1,1,1,2,0,0,1,2,2,0,0,2,2,0,2,2,0,2,2,0,0,2,0,0,1,1,2,1,1,2,2,1,0,1,1,0,0,1,2,2,1,0]
-30.0:[1, 2, 2, 0, 0, 1, 0, 2, 0, 0, 2, 0, 1, 1, 2, 2, 1, 1, 1, 2, 0, 0, 1, 2, 2, 0, 0, 2, 2, 0, 2, 2, 0, 2, 2, 0, 0, 2, 0, 0, 1, 1, 2, 1, 1, 2, 2, 1, 0, 1, 1, 0, 0, 1, 2, 2, 1, 0]
End Time: Ter Jul 5 15:16:14 BRT 2016 --- run in 0:11:1 ---

==> run_hypdp_cluster.sh.o199335 <==
Best: -30.0 	[1,2,1,1,0,0,2,2,1,2,0,0,1,1,0,0,2,1,1,1,0,0,2,2,1,1,2,0,2,2,1,0,0,2,2,1,2,0,0,2,2,0,0,1,1,0,0,2,2,0,0,2,1,2,2,0,2,1]
-30.0:[1, 2, 1, 1, 0, 0, 2, 2, 1, 2, 0, 0, 1, 1, 0, 0, 2, 1, 1, 1, 0, 0, 2, 2, 1, 1, 2, 0, 2, 2, 1, 0, 0, 2, 2, 1, 2, 0, 0, 2, 2, 0, 0, 1, 1, 0, 0, 2, 2, 0, 0, 2, 1, 2, 2, 0, 2, 1]
End Time: Ter Jul 5 15:16:32 BRT 2016 --- run in 0:11:3 ---

==> run_hypdp_cluster.sh.o199336 <==
Best: -28.0 	[0,2,0,2,2,1,2,0,0,1,0,1,2,1,2,1,2,0,2,1,1,0,0,1,1,1,0,2,1,1,2,2,1,0,1,2,1,2,0,1,0,0,2,0,1,1,1,1,0,0,2,2,1,2,1,0,0,1]
-28.0:[0, 2, 0, 2, 2, 1, 2, 0, 0, 1, 0, 1, 2, 1, 2, 1, 2, 0, 2, 1, 1, 0, 0, 1, 1, 1, 0, 2, 1, 1, 2, 2, 1, 0, 1, 2, 1, 2, 0, 1, 0, 0, 2, 0, 1, 1, 1, 1, 0, 0, 2, 2, 1, 2, 1, 0, 0, 1]
End Time: Ter Jul 5 15:17:47 BRT 2016 --- run in 0:11:4 ---

==> run_hypdp_cluster.sh.o199337 <==
Best: -32.0 	[2,2,1,2,0,0,2,1,2,2,0,0,1,0,1,1,0,1,1,1,1,2,2,1,1,1,1,0,1,1,0,0,1,2,2,1,0,0,1,2,2,1,1,1,0,0,1,1,1,2,0,1,2,2,1,0,0,1]
-32.0:[2, 2, 1, 2, 0, 0, 2, 1, 2, 2, 0, 0, 1, 0, 1, 1, 0, 1, 1, 1, 1, 2, 2, 1, 1, 1, 1, 0, 1, 1, 0, 0, 1, 2, 2, 1, 0, 0, 1, 2, 2, 1, 1, 1, 0, 0, 1, 1, 1, 2, 0, 1, 2, 2, 1, 0, 0, 1]
End Time: Ter Jul 5 15:18:02 BRT 2016 --- run in 0:10:49 ---

==> run_hypdp_cluster.sh.o199338 <==
Best: -28.0 	[1,0,2,2,1,0,0,1,2,2,1,1,1,1,2,2,1,0,0,2,2,1,0,0,1,2,2,0,2,1,1,1,2,1,0,1,0,0,2,2,1,2,1,1,1,2,2,0,1,0,1,1,1,2,1,0,0,2]
-28.0:[1, 0, 2, 2, 1, 0, 0, 1, 2, 2, 1, 1, 1, 1, 2, 2, 1, 0, 0, 2, 2, 1, 0, 0, 1, 2, 2, 0, 2, 1, 1, 1, 2, 1, 0, 1, 0, 0, 2, 2, 1, 2, 1, 1, 1, 2, 2, 0, 1, 0, 1, 1, 1, 2, 1, 0, 0, 2]
End Time: Ter Jul 5 15:26:28 BRT 2016 --- run in 0:19:41 ---

==> run_hypdp_cluster.sh.o199339 <==
Best: -27.0 	[2,0,1,1,1,2,2,1,1,1,1,1,0,1,1,1,1,1,1,1,0,0,1,2,2,0,0,2,0,0,1,1,2,1,1,1,2,2,1,1,0,1,1,0,1,0,0,2,2,1,2,1,1,1,0,2,2,0]
-27.0:[2, 0, 1, 1, 1, 2, 2, 1, 1, 1, 1, 1, 0, 1, 1, 1, 1, 1, 1, 1, 0, 0, 1, 2, 2, 0, 0, 2, 0, 0, 1, 1, 2, 1, 1, 1, 2, 2, 1, 1, 0, 1, 1, 0, 1, 0, 0, 2, 2, 1, 2, 1, 1, 1, 0, 2, 2, 0]
End Time: Ter Jul 5 15:26:41 BRT 2016 --- run in 0:19:54 ---

==> run_hypdp_cluster.sh.o199340 <==
Best: -30.0 	[1,1,1,0,0,1,2,0,0,2,2,1,1,1,1,2,2,1,1,0,0,1,1,1,0,2,2,1,1,2,2,0,1,1,1,1,0,0,1,1,2,0,2,1,2,2,0,2,0,1,0,0,2,2,0,2,2,1]
-30.0:[1, 1, 1, 0, 0, 1, 2, 0, 0, 2, 2, 1, 1, 1, 1, 2, 2, 1, 1, 0, 0, 1, 1, 1, 0, 2, 2, 1, 1, 2, 2, 0, 1, 1, 1, 1, 0, 0, 1, 1, 2, 0, 2, 1, 2, 2, 0, 2, 0, 1, 0, 0, 2, 2, 0, 2, 2, 1]
End Time: Ter Jul 5 15:20:49 BRT 2016 --- run in 0:10:51 ---

==> run_hypdp_cluster.sh.o199341 <==
Best: -29.0 	[1,1,1,0,0,1,1,2,1,1,1,1,2,2,0,1,2,1,2,2,0,0,1,0,1,1,0,2,2,0,0,1,0,1,2,2,0,0,1,2,1,1,0,2,2,1,2,0,2,2,0,0,1,2,1,0,0,1]
-29.0:[1, 1, 1, 0, 0, 1, 1, 2, 1, 1, 1, 1, 2, 2, 0, 1, 2, 1, 2, 2, 0, 0, 1, 0, 1, 1, 0, 2, 2, 0, 0, 1, 0, 1, 2, 2, 0, 0, 1, 2, 1, 1, 0, 2, 2, 1, 2, 0, 2, 2, 0, 0, 1, 2, 1, 0, 0, 1]
End Time: Ter Jul 5 15:29:29 BRT 2016 --- run in 0:19:57 ---

==> run_hypdp_cluster.sh.o199342 <==
Best: -29.0 	[1,0,2,0,1,1,2,2,1,1,1,2,0,0,1,0,1,1,1,2,1,2,2,0,0,2,1,0,1,0,1,2,0,1,0,0,2,2,1,0,1,1,2,2,0,1,2,1,2,2,0,0,1,2,0,1,2,0]
-29.0:[1, 0, 2, 0, 1, 1, 2, 2, 1, 1, 1, 2, 0, 0, 1, 0, 1, 1, 1, 2, 1, 2, 2, 0, 0, 2, 1, 0, 1, 0, 1, 2, 0, 1, 0, 0, 2, 2, 1, 0, 1, 1, 2, 2, 0, 1, 2, 1, 2, 2, 0, 0, 1, 2, 0, 1, 2, 0]
End Time: Ter Jul 5 15:30:12 BRT 2016 --- run in 0:20:10 ---

==> run_hypdp_cluster.sh.o199343 <==
Best: -31.0 	[0,0,1,1,1,2,1,0,2,2,0,0,1,2,2,1,1,2,1,1,1,0,1,1,0,2,1,0,0,2,0,1,0,1,2,2,1,1,1,2,2,0,0,1,1,0,0,2,1,0,2,2,1,2,1,0,0,1]
-31.0:[0, 0, 1, 1, 1, 2, 1, 0, 2, 2, 0, 0, 1, 2, 2, 1, 1, 2, 1, 1, 1, 0, 1, 1, 0, 2, 1, 0, 0, 2, 0, 1, 0, 1, 2, 2, 1, 1, 1, 2, 2, 0, 0, 1, 1, 0, 0, 2, 1, 0, 2, 2, 1, 2, 1, 0, 0, 1]
End Time: Ter Jul 5 15:22:34 BRT 2016 --- run in 0:11:6 ---

==> run_hypdp_cluster.sh.o199344 <==
Best: -31.0 	[1,2,1,1,0,0,1,1,1,0,1,2,1,1,2,2,1,0,1,1,0,0,1,2,2,1,1,0,2,2,1,2,0,1,2,1,0,1,1,1,0,1,1,0,1,0,0,2,2,1,2,1,0,1,2,2,1,0]
-31.0:[1, 2, 1, 1, 0, 0, 1, 1, 1, 0, 1, 2, 1, 1, 2, 2, 1, 0, 1, 1, 0, 0, 1, 2, 2, 1, 1, 0, 2, 2, 1, 2, 0, 1, 2, 1, 0, 1, 1, 1, 0, 1, 1, 0, 1, 0, 0, 2, 2, 1, 2, 1, 0, 1, 2, 2, 1, 0]
End Time: Ter Jul 5 15:22:25 BRT 2016 --- run in 0:10:57 ---

==> run_hypdp_cluster.sh.o199345 <==
Best: -31.0 	[2,0,1,1,2,2,1,1,1,0,1,1,2,0,1,0,0,2,1,0,0,2,1,2,2,0,0,2,2,0,2,2,1,0,1,2,1,0,0,1,2,0,1,1,0,0,1,2,1,2,2,0,1,0,0,2,2,1]
-31.0:[2, 0, 1, 1, 2, 2, 1, 1, 1, 0, 1, 1, 2, 0, 1, 0, 0, 2, 1, 0, 0, 2, 1, 2, 2, 0, 0, 2, 2, 0, 2, 2, 1, 0, 1, 2, 1, 0, 0, 1, 2, 0, 1, 1, 0, 0, 1, 2, 1, 2, 2, 0, 1, 0, 0, 2, 2, 1]
End Time: Ter Jul 5 15:22:21 BRT 2016 --- run in 0:10:53 ---

==> run_hypdp_cluster.sh.o199346 <==
Best: -27.0 	[1,1,1,1,1,1,2,2,0,1,0,2,1,2,0,2,0,2,2,0,2,0,2,1,2,2,0,2,0,0,1,0,2,2,0,0,1,0,2,2,0,1,1,1,0,1,0,0,2,1,2,2,0,0,2,1,0,2]
-27.0:[1, 1, 1, 1, 1, 1, 2, 2, 0, 1, 0, 2, 1, 2, 0, 2, 0, 2, 2, 0, 2, 0, 2, 1, 2, 2, 0, 2, 0, 0, 1, 0, 2, 2, 0, 0, 1, 0, 2, 2, 0, 1, 1, 1, 0, 1, 0, 0, 2, 1, 2, 2, 0, 0, 2, 1, 0, 2]
End Time: Ter Jul 5 15:22:49 BRT 2016 --- run in 0:11:6 ---

==> run_hypdp_cluster.sh.o199347 <==
Best: -31.0 	[1,0,1,1,2,2,1,1,0,0,1,2,0,2,2,1,2,0,0,2,2,1,1,1,0,1,1,0,1,1,0,0,1,2,2,1,1,2,1,0,1,1,0,2,0,0,1,0,2,2,1,2,0,0,2,2,1,2]
-31.0:[1, 0, 1, 1, 2, 2, 1, 1, 0, 0, 1, 2, 0, 2, 2, 1, 2, 0, 0, 2, 2, 1, 1, 1, 0, 1, 1, 0, 1, 1, 0, 0, 1, 2, 2, 1, 1, 2, 1, 0, 1, 1, 0, 2, 0, 0, 1, 0, 2, 2, 1, 2, 0, 0, 2, 2, 1, 2]
End Time: Ter Jul 5 15:23:58 BRT 2016 --- run in 0:11:0 ---

==> run_hypdp_cluster.sh.o199348 <==
Best: -34.0 	[2,2,1,1,0,0,1,1,2,2,1,1,1,0,0,1,2,0,0,2,2,0,0,1,1,2,1,0,2,2,1,2,1,0,1,1,0,0,1,2,2,1,1,1,2,2,0,1,2,0,1,1,0,0,1,2,2,1]
-34.0:[2, 2, 1, 1, 0, 0, 1, 1, 2, 2, 1, 1, 1, 0, 0, 1, 2, 0, 0, 2, 2, 0, 0, 1, 1, 2, 1, 0, 2, 2, 1, 2, 1, 0, 1, 1, 0, 0, 1, 2, 2, 1, 1, 1, 2, 2, 0, 1, 2, 0, 1, 1, 0, 0, 1, 2, 2, 1]
End Time: Ter Jul 5 15:24:00 BRT 2016 --- run in 0:11:2 ---
