==> run_hypdp_cluster.sh.o198279 <==
Best: -44.0 	[2,0,1,0,1,0,1,1,1,0,1,0,2,1,0,0,2,2,1,2,0,2,1,2,1,1,0,2,1,0,0,1,1,0,2,2,1,2,1,1,0,2,2,0,0,1,0,2,1,2,2,0,1,1,2,1,2,2,0,0,1,1,2,0,0,2,0,1,1,0,0,1,2,1,2,2,0,1,0,2,2,1,2]
-44.0:[2, 0, 1, 0, 1, 0, 1, 1, 1, 0, 1, 0, 2, 1, 0, 0, 2, 2, 1, 2, 0, 2, 1, 2, 1, 1, 0, 2, 1, 0, 0, 1, 1, 0, 2, 2, 1, 2, 1, 1, 0, 2, 2, 0, 0, 1, 0, 2, 1, 2, 2, 0, 1, 1, 2, 1, 2, 2, 0, 0, 1, 1, 2, 0, 0, 2, 0, 1, 1, 0, 0, 1, 2, 1, 2, 2, 0, 1, 0, 2, 2, 1, 2]
End Time: Qui Jun 30 03:13:25 BRT 2016 --- run in 1:48:18 ---

==> run_hypdp_cluster.sh.o198280 <==
Best: -42.0 	[1,0,2,2,1,1,2,1,2,0,0,1,0,2,0,1,2,1,0,2,2,1,1,1,2,2,1,0,0,1,2,0,1,0,0,2,2,1,2,1,1,2,1,0,1,0,0,2,1,1,1,1,2,2,1,0,1,2,2,1,0,0,1,1,0,1,1,2,2,1,1,1,2,1,1,0,0,1,2,2,0,0,2]
-42.0:[1, 0, 2, 2, 1, 1, 2, 1, 2, 0, 0, 1, 0, 2, 0, 1, 2, 1, 0, 2, 2, 1, 1, 1, 2, 2, 1, 0, 0, 1, 2, 0, 1, 0, 0, 2, 2, 1, 2, 1, 1, 2, 1, 0, 1, 0, 0, 2, 1, 1, 1, 1, 2, 2, 1, 0, 1, 2, 2, 1, 0, 0, 1, 1, 0, 1, 1, 2, 2, 1, 1, 1, 2, 1, 1, 0, 0, 1, 2, 2, 0, 0, 2]
End Time: Qui Jun 30 03:49:59 BRT 2016 --- run in 2:25:12 ---

==> run_hypdp_cluster.sh.o198281 <==
Best: -40.0 	[1,1,0,1,0,0,2,1,2,0,1,2,1,1,1,1,0,0,2,2,0,1,0,0,2,0,1,2,2,1,0,1,2,2,1,0,0,1,1,0,1,1,0,1,2,2,1,1,1,2,0,0,2,0,0,1,1,1,2,2,1,1,1,0,0,1,2,2,1,1,1,2,2,0,1,1,1,1,2,1,1,1,2]
-40.0:[1, 1, 0, 1, 0, 0, 2, 1, 2, 0, 1, 2, 1, 1, 1, 1, 0, 0, 2, 2, 0, 1, 0, 0, 2, 0, 1, 2, 2, 1, 0, 1, 2, 2, 1, 0, 0, 1, 1, 0, 1, 1, 0, 1, 2, 2, 1, 1, 1, 2, 0, 0, 2, 0, 0, 1, 1, 1, 2, 2, 1, 1, 1, 0, 0, 1, 2, 2, 1, 1, 1, 2, 2, 0, 1, 1, 1, 1, 2, 1, 1, 1, 2]
End Time: Qui Jun 30 03:13:28 BRT 2016 --- run in 1:48:20 ---

==> run_hypdp_cluster.sh.o198282 <==
Best: -46.0 	[1,1,0,0,2,0,0,2,1,0,1,1,0,0,2,2,1,1,2,1,0,1,0,1,0,2,0,1,1,1,2,2,1,1,1,1,2,0,0,1,0,1,1,1,1,2,2,1,0,0,1,1,2,2,1,1,1,2,1,0,1,0,0,2,1,0,2,1,2,2,0,2,1,0,0,2,2,1,0,2,2,1,2]
-46.0:[1, 1, 0, 0, 2, 0, 0, 2, 1, 0, 1, 1, 0, 0, 2, 2, 1, 1, 2, 1, 0, 1, 0, 1, 0, 2, 0, 1, 1, 1, 2, 2, 1, 1, 1, 1, 2, 0, 0, 1, 0, 1, 1, 1, 1, 2, 2, 1, 0, 0, 1, 1, 2, 2, 1, 1, 1, 2, 1, 0, 1, 0, 0, 2, 1, 0, 2, 1, 2, 2, 0, 2, 1, 0, 0, 2, 2, 1, 0, 2, 2, 1, 2]
End Time: Qui Jun 30 03:49:57 BRT 2016 --- run in 2:25:10 ---

==> run_hypdp_cluster.sh.o198283 <==
Best: -44.0 	[1,1,1,1,0,0,1,1,1,1,1,2,2,1,0,2,2,0,1,1,0,1,0,0,2,2,0,1,1,0,2,1,2,2,0,0,1,1,0,0,2,2,0,0,1,2,1,0,2,1,1,1,2,2,1,1,0,2,1,0,0,1,1,0,2,1,1,2,1,1,2,2,1,0,0,2,1,1,1,1,0,0,1]
-44.0:[1, 1, 1, 1, 0, 0, 1, 1, 1, 1, 1, 2, 2, 1, 0, 2, 2, 0, 1, 1, 0, 1, 0, 0, 2, 2, 0, 1, 1, 0, 2, 1, 2, 2, 0, 0, 1, 1, 0, 0, 2, 2, 0, 0, 1, 2, 1, 0, 2, 1, 1, 1, 2, 2, 1, 1, 0, 2, 1, 0, 0, 1, 1, 0, 2, 1, 1, 2, 1, 1, 2, 2, 1, 0, 0, 2, 1, 1, 1, 1, 0, 0, 1]
End Time: Qui Jun 30 03:14:51 BRT 2016 --- run in 1:49:44 ---

==> run_hypdp_cluster.sh.o198284 <==
Best: -41.0 	[2,1,0,2,1,2,2,0,1,2,2,0,0,2,1,2,1,0,1,1,2,0,0,1,1,0,1,1,2,0,2,2,1,2,0,0,2,0,0,1,1,1,1,0,1,2,1,2,2,0,0,1,1,1,0,0,1,2,2,1,1,2,1,0,2,2,1,1,1,1,1,1,1,1,1,0,0,1,1,2,0,0,2]
-41.0:[2, 1, 0, 2, 1, 2, 2, 0, 1, 2, 2, 0, 0, 2, 1, 2, 1, 0, 1, 1, 2, 0, 0, 1, 1, 0, 1, 1, 2, 0, 2, 2, 1, 2, 0, 0, 2, 0, 0, 1, 1, 1, 1, 0, 1, 2, 1, 2, 2, 0, 0, 1, 1, 1, 0, 0, 1, 2, 2, 1, 1, 2, 1, 0, 2, 2, 1, 1, 1, 1, 1, 1, 1, 1, 1, 0, 0, 1, 1, 2, 0, 0, 2]
End Time: Qui Jun 30 03:12:14 BRT 2016 --- run in 1:47:6 ---

==> run_hypdp_cluster.sh.o198285 <==
Best: -42.0 	[1,1,0,1,1,0,1,0,0,2,2,1,2,1,1,0,0,1,2,2,0,2,0,0,1,1,1,1,0,1,0,0,2,2,1,2,1,1,0,0,2,2,0,0,2,2,1,2,1,0,0,1,2,2,1,1,2,1,0,0,2,1,2,2,0,0,1,0,1,1,1,0,0,2,2,1,0,1,1,0,0,1,2]
-42.0:[1, 1, 0, 1, 1, 0, 1, 0, 0, 2, 2, 1, 2, 1, 1, 0, 0, 1, 2, 2, 0, 2, 0, 0, 1, 1, 1, 1, 0, 1, 0, 0, 2, 2, 1, 2, 1, 1, 0, 0, 2, 2, 0, 0, 2, 2, 1, 2, 1, 0, 0, 1, 2, 2, 1, 1, 2, 1, 0, 0, 2, 1, 2, 2, 0, 0, 1, 0, 1, 1, 1, 0, 0, 2, 2, 1, 0, 1, 1, 0, 0, 1, 2]
End Time: Qui Jun 30 03:13:48 BRT 2016 --- run in 1:48:40 ---

==> run_hypdp_cluster.sh.o198286 <==
Best: -40.0 	[1,1,1,0,1,0,0,2,1,2,2,0,1,0,0,2,0,1,2,1,1,0,2,0,0,1,0,2,2,0,1,2,2,1,1,1,1,1,0,0,1,2,1,2,2,0,0,1,0,2,1,0,1,0,0,2,2,0,2,0,0,2,2,1,2,1,1,1,1,1,0,0,1,1,2,1,0,0,2,1,0,0,1]
-40.0:[1, 1, 1, 0, 1, 0, 0, 2, 1, 2, 2, 0, 1, 0, 0, 2, 0, 1, 2, 1, 1, 0, 2, 0, 0, 1, 0, 2, 2, 0, 1, 2, 2, 1, 1, 1, 1, 1, 0, 0, 1, 2, 1, 2, 2, 0, 0, 1, 0, 2, 1, 0, 1, 0, 0, 2, 2, 0, 2, 0, 0, 2, 2, 1, 2, 1, 1, 1, 1, 1, 0, 0, 1, 1, 2, 1, 0, 0, 2, 1, 0, 0, 1]
End Time: Qui Jun 30 03:49:14 BRT 2016 --- run in 2:24:27 ---

==> run_hypdp_cluster.sh.o198287 <==
Best: -44.0 	[1,1,1,2,2,1,1,1,1,1,0,0,1,1,2,2,1,1,1,2,1,0,1,2,1,2,2,0,0,2,2,0,0,2,1,1,0,0,2,1,0,0,1,2,2,1,0,0,1,2,1,1,2,1,2,2,0,0,1,1,2,2,0,1,1,1,1,1,1,0,0,1,1,1,2,0,0,2,2,0,1,1,0]
-44.0:[1, 1, 1, 2, 2, 1, 1, 1, 1, 1, 0, 0, 1, 1, 2, 2, 1, 1, 1, 2, 1, 0, 1, 2, 1, 2, 2, 0, 0, 2, 2, 0, 0, 2, 1, 1, 0, 0, 2, 1, 0, 0, 1, 2, 2, 1, 0, 0, 1, 2, 1, 1, 2, 1, 2, 2, 0, 0, 1, 1, 2, 2, 0, 1, 1, 1, 1, 1, 1, 0, 0, 1, 1, 1, 2, 0, 0, 2, 2, 0, 1, 1, 0]
End Time: Qui Jun 30 03:49:41 BRT 2016 --- run in 2:24:54 ---

==> run_hypdp_cluster.sh.o198288 <==
Best: -40.0 	[0,0,2,0,1,0,0,2,2,0,0,2,0,0,2,1,2,2,0,0,2,1,1,2,1,1,2,2,0,1,0,0,2,2,1,0,1,0,0,2,1,0,2,1,2,2,0,2,1,0,0,2,0,2,0,1,1,0,1,0,0,2,2,1,2,1,1,1,0,1,2,0,0,1,0,1,2,1,2,2,0,1,2]
-40.0:[0, 0, 2, 0, 1, 0, 0, 2, 2, 0, 0, 2, 0, 0, 2, 1, 2, 2, 0, 0, 2, 1, 1, 2, 1, 1, 2, 2, 0, 1, 0, 0, 2, 2, 1, 0, 1, 0, 0, 2, 1, 0, 2, 1, 2, 2, 0, 2, 1, 0, 0, 2, 0, 2, 0, 1, 1, 0, 1, 0, 0, 2, 2, 1, 2, 1, 1, 1, 0, 1, 2, 0, 0, 1, 0, 1, 2, 1, 2, 2, 0, 1, 2]
End Time: Qui Jun 30 03:16:56 BRT 2016 --- run in 1:51:48 ---

==> run_hypdp_cluster.sh.o198289 <==
Best: -41.0 	[0,1,1,1,0,1,0,1,0,2,2,1,2,1,0,0,1,2,0,0,2,1,0,0,1,2,2,1,1,1,0,0,1,1,2,2,0,0,2,2,0,0,1,1,1,2,2,1,1,1,0,1,2,2,1,1,1,1,1,0,0,2,0,0,2,1,2,2,0,2,1,1,2,0,0,2,2,0,0,2,2,1,2]
-41.0:[0, 1, 1, 1, 0, 1, 0, 1, 0, 2, 2, 1, 2, 1, 0, 0, 1, 2, 0, 0, 2, 1, 0, 0, 1, 2, 2, 1, 1, 1, 0, 0, 1, 1, 2, 2, 0, 0, 2, 2, 0, 0, 1, 1, 1, 2, 2, 1, 1, 1, 0, 1, 2, 2, 1, 1, 1, 1, 1, 0, 0, 2, 0, 0, 2, 1, 2, 2, 0, 2, 1, 1, 2, 0, 0, 2, 2, 0, 0, 2, 2, 1, 2]
End Time: Qui Jun 30 03:12:23 BRT 2016 --- run in 1:47:15 ---

==> run_hypdp_cluster.sh.o198290 <==
Best: -42.0 	[0,0,2,1,1,2,1,1,2,2,1,0,0,1,2,2,0,0,2,1,1,2,2,0,2,0,0,1,1,0,1,2,2,1,0,0,2,2,1,2,1,1,1,1,1,1,1,0,0,2,2,0,0,1,1,1,0,0,1,2,2,1,1,1,1,2,0,2,1,2,2,0,2,0,0,1,0,2,1,2,2,0,2]
-42.0:[0, 0, 2, 1, 1, 2, 1, 1, 2, 2, 1, 0, 0, 1, 2, 2, 0, 0, 2, 1, 1, 2, 2, 0, 2, 0, 0, 1, 1, 0, 1, 2, 2, 1, 0, 0, 2, 2, 1, 2, 1, 1, 1, 1, 1, 1, 1, 0, 0, 2, 2, 0, 0, 1, 1, 1, 0, 0, 1, 2, 2, 1, 1, 1, 1, 2, 0, 2, 1, 2, 2, 0, 2, 0, 0, 1, 0, 2, 1, 2, 2, 0, 2]
End Time: Qui Jun 30 03:16:20 BRT 2016 --- run in 1:51:12 ---

==> run_hypdp_cluster.sh.o198291 <==
Best: -44.0 	[0,2,1,1,2,1,2,2,0,0,1,1,0,0,2,2,1,2,1,0,1,1,2,2,1,1,1,1,1,0,1,2,0,0,1,1,1,1,1,0,0,1,1,1,2,2,1,1,1,1,2,1,1,2,1,1,1,1,1,1,1,2,1,1,0,0,2,1,1,0,0,1,1,2,2,0,0,1,2,0,0,2,1]
-44.0:[0, 2, 1, 1, 2, 1, 2, 2, 0, 0, 1, 1, 0, 0, 2, 2, 1, 2, 1, 0, 1, 1, 2, 2, 1, 1, 1, 1, 1, 0, 1, 2, 0, 0, 1, 1, 1, 1, 1, 0, 0, 1, 1, 1, 2, 2, 1, 1, 1, 1, 2, 1, 1, 2, 1, 1, 1, 1, 1, 1, 1, 2, 1, 1, 0, 0, 2, 1, 1, 0, 0, 1, 1, 2, 2, 0, 0, 1, 2, 0, 0, 2, 1]
End Time: Qui Jun 30 03:50:02 BRT 2016 --- run in 2:25:15 ---

==> run_hypdp_cluster.sh.o198292 <==
Best: -39.0 	[1,2,1,2,2,0,1,2,1,2,1,0,0,1,1,2,1,0,2,2,1,1,2,2,0,0,1,1,2,1,0,0,1,2,0,1,2,2,0,2,2,0,2,0,1,2,0,0,1,0,1,2,2,1,0,2,1,1,2,1,2,2,0,0,1,1,0,2,0,1,0,1,1,1,2,0,0,2,2,0,0,1,0]
-39.0:[1, 2, 1, 2, 2, 0, 1, 2, 1, 2, 1, 0, 0, 1, 1, 2, 1, 0, 2, 2, 1, 1, 2, 2, 0, 0, 1, 1, 2, 1, 0, 0, 1, 2, 0, 1, 2, 2, 0, 2, 2, 0, 2, 0, 1, 2, 0, 0, 1, 0, 1, 2, 2, 1, 0, 2, 1, 1, 2, 1, 2, 2, 0, 0, 1, 1, 0, 2, 0, 1, 0, 1, 1, 1, 2, 0, 0, 2, 2, 0, 0, 1, 0]
End Time: Qui Jun 30 03:13:02 BRT 2016 --- run in 1:47:54 ---

==> run_hypdp_cluster.sh.o198293 <==
Best: -41.0 	[0,1,1,2,1,1,1,2,1,0,1,0,0,2,2,1,2,1,1,2,1,1,1,1,2,2,0,0,1,0,1,1,1,1,1,1,2,1,2,2,0,0,2,2,0,0,1,0,2,1,0,1,2,2,1,0,2,2,1,1,0,2,0,2,0,0,2,0,0,1,2,0,2,1,1,0,1,1,2,0,0,1,0]
-41.0:[0, 1, 1, 2, 1, 1, 1, 2, 1, 0, 1, 0, 0, 2, 2, 1, 2, 1, 1, 2, 1, 1, 1, 1, 2, 2, 0, 0, 1, 0, 1, 1, 1, 1, 1, 1, 2, 1, 2, 2, 0, 0, 2, 2, 0, 0, 1, 0, 2, 1, 0, 1, 2, 2, 1, 0, 2, 2, 1, 1, 0, 2, 0, 2, 0, 0, 2, 0, 0, 1, 2, 0, 2, 1, 1, 0, 1, 1, 2, 0, 0, 1, 0]
End Time: Qui Jun 30 03:49:15 BRT 2016 --- run in 2:24:28 ---

==> run_hypdp_cluster.sh.o198294 <==
Best: -44.0 	[0,2,0,1,0,1,1,0,0,2,2,0,1,1,0,0,2,2,1,1,2,1,1,1,1,2,0,0,2,2,0,1,2,2,0,0,2,1,2,2,0,2,1,0,1,0,0,2,2,1,2,1,1,0,0,1,1,1,0,1,1,2,2,1,1,0,0,1,2,1,0,2,2,1,0,2,2,1,0,2,2,1,2]
-44.0:[0, 2, 0, 1, 0, 1, 1, 0, 0, 2, 2, 0, 1, 1, 0, 0, 2, 2, 1, 1, 2, 1, 1, 1, 1, 2, 0, 0, 2, 2, 0, 1, 2, 2, 0, 0, 2, 1, 2, 2, 0, 2, 1, 0, 1, 0, 0, 2, 2, 1, 2, 1, 1, 0, 0, 1, 1, 1, 0, 1, 1, 2, 2, 1, 1, 0, 0, 1, 2, 1, 0, 2, 2, 1, 0, 2, 2, 1, 0, 2, 2, 1, 2]
End Time: Qui Jun 30 03:18:46 BRT 2016 --- run in 1:53:38 ---

==> run_hypdp_cluster.sh.o198295 <==
Best: -47.0 	[1,1,2,0,1,1,0,1,0,0,2,2,1,0,0,2,1,1,1,0,2,1,2,2,0,1,2,2,0,0,2,2,0,0,1,0,2,1,2,2,0,2,1,0,1,2,0,1,2,0,0,2,0,0,2,0,0,2,2,0,1,2,2,1,1,1,1,1,0,0,2,0,0,2,2,0,0,2,2,1,0,0,1]
-47.0:[1, 1, 2, 0, 1, 1, 0, 1, 0, 0, 2, 2, 1, 0, 0, 2, 1, 1, 1, 0, 2, 1, 2, 2, 0, 1, 2, 2, 0, 0, 2, 2, 0, 0, 1, 0, 2, 1, 2, 2, 0, 2, 1, 0, 1, 2, 0, 1, 2, 0, 0, 2, 0, 0, 2, 0, 0, 2, 2, 0, 1, 2, 2, 1, 1, 1, 1, 1, 0, 0, 2, 0, 0, 2, 2, 0, 0, 2, 2, 1, 0, 0, 1]
End Time: Qui Jun 30 03:15:08 BRT 2016 --- run in 1:50:1 ---

==> run_hypdp_cluster.sh.o198296 <==
Best: -44.0 	[0,1,1,1,0,0,1,1,2,0,1,0,2,1,2,2,0,0,1,1,0,1,0,2,0,2,0,0,2,2,0,2,2,0,1,1,1,1,1,2,1,2,2,0,1,1,0,0,1,2,0,1,2,2,1,1,2,0,0,2,2,1,1,0,0,1,2,0,1,0,2,0,0,2,2,0,0,2,2,1,0,0,1]
-44.0:[0, 1, 1, 1, 0, 0, 1, 1, 2, 0, 1, 0, 2, 1, 2, 2, 0, 0, 1, 1, 0, 1, 0, 2, 0, 2, 0, 0, 2, 2, 0, 2, 2, 0, 1, 1, 1, 1, 1, 2, 1, 2, 2, 0, 1, 1, 0, 0, 1, 2, 0, 1, 2, 2, 1, 1, 2, 0, 0, 2, 2, 1, 1, 0, 0, 1, 2, 0, 1, 0, 2, 0, 0, 2, 2, 0, 0, 2, 2, 1, 0, 0, 1]
End Time: Qui Jun 30 03:48:55 BRT 2016 --- run in 2:24:8 ---

==> run_hypdp_cluster.sh.o198297 <==
Best: -43.0 	[0,1,0,1,0,1,1,1,0,0,2,2,1,2,1,1,2,1,0,1,0,1,1,0,1,1,1,1,1,2,2,1,0,0,2,1,0,1,0,0,2,2,1,2,0,0,1,0,1,2,2,0,1,0,0,2,2,1,1,1,1,1,2,2,1,1,1,0,0,1,2,0,0,2,2,0,0,1,1,1,0,2,2]
-43.0:[0, 1, 0, 1, 0, 1, 1, 1, 0, 0, 2, 2, 1, 2, 1, 1, 2, 1, 0, 1, 0, 1, 1, 0, 1, 1, 1, 1, 1, 2, 2, 1, 0, 0, 2, 1, 0, 1, 0, 0, 2, 2, 1, 2, 0, 0, 1, 0, 1, 2, 2, 0, 1, 0, 0, 2, 2, 1, 1, 1, 1, 1, 2, 2, 1, 1, 1, 0, 0, 1, 2, 0, 0, 2, 2, 0, 0, 1, 1, 1, 0, 2, 2]
End Time: Qui Jun 30 03:12:45 BRT 2016 --- run in 1:47:37 ---

==> run_hypdp_cluster.sh.o198298 <==
Best: -43.0 	[0,0,1,0,1,0,1,1,1,1,0,1,0,0,2,2,1,0,1,2,1,1,1,2,1,2,1,1,0,2,0,0,1,0,2,1,1,1,2,2,0,2,2,0,0,1,0,2,1,1,2,1,2,2,0,0,1,1,2,2,1,0,0,1,1,1,1,0,0,1,2,1,0,1,2,2,0,0,1,1,1,1,0]
-43.0:[0, 0, 1, 0, 1, 0, 1, 1, 1, 1, 0, 1, 0, 0, 2, 2, 1, 0, 1, 2, 1, 1, 1, 2, 1, 2, 1, 1, 0, 2, 0, 0, 1, 0, 2, 1, 1, 1, 2, 2, 0, 2, 2, 0, 0, 1, 0, 2, 1, 1, 2, 1, 2, 2, 0, 0, 1, 1, 2, 2, 1, 0, 0, 1, 1, 1, 1, 0, 0, 1, 2, 1, 0, 1, 2, 2, 0, 0, 1, 1, 1, 1, 0]
End Time: Qui Jun 30 03:49:21 BRT 2016 --- run in 2:24:34 ---

==> run_hypdp_cluster.sh.o198299 <==
Best: -40.0 	[2,0,1,0,0,2,0,1,2,1,1,0,0,1,2,2,1,1,1,0,1,0,0,2,1,1,2,1,1,0,0,1,2,0,0,2,1,2,2,0,2,1,0,0,1,1,0,2,2,1,2,0,2,1,2,0,0,2,2,1,1,1,0,1,2,1,1,1,0,0,2,0,0,2,2,0,0,2,1,0,1,0,0]
-40.0:[2, 0, 1, 0, 0, 2, 0, 1, 2, 1, 1, 0, 0, 1, 2, 2, 1, 1, 1, 0, 1, 0, 0, 2, 1, 1, 2, 1, 1, 0, 0, 1, 2, 0, 0, 2, 1, 2, 2, 0, 2, 1, 0, 0, 1, 1, 0, 2, 2, 1, 2, 0, 2, 1, 2, 0, 0, 2, 2, 1, 1, 1, 0, 1, 2, 1, 1, 1, 0, 0, 2, 0, 0, 2, 2, 0, 0, 2, 1, 0, 1, 0, 0]
End Time: Qui Jun 30 03:15:38 BRT 2016 --- run in 1:50:30 ---

==> run_hypdp_cluster.sh.o198300 <==
Best: -42.0 	[0,1,1,2,0,0,1,0,1,2,0,1,2,2,1,1,2,0,0,1,1,1,1,0,1,1,1,1,1,0,0,2,0,0,2,1,1,2,1,2,2,0,0,2,1,1,0,0,2,1,1,2,1,1,2,2,1,0,0,1,1,2,1,2,2,0,0,1,1,1,0,2,2,1,0,2,2,0,1,1,0,0,1]
-42.0:[0, 1, 1, 2, 0, 0, 1, 0, 1, 2, 0, 1, 2, 2, 1, 1, 2, 0, 0, 1, 1, 1, 1, 0, 1, 1, 1, 1, 1, 0, 0, 2, 0, 0, 2, 1, 1, 2, 1, 2, 2, 0, 0, 2, 1, 1, 0, 0, 2, 1, 1, 2, 1, 1, 2, 2, 1, 0, 0, 1, 1, 2, 1, 2, 2, 0, 0, 1, 1, 1, 0, 2, 2, 1, 0, 2, 2, 0, 1, 1, 0, 0, 1]
End Time: Qui Jun 30 03:11:40 BRT 2016 --- run in 1:46:33 ---

==> run_hypdp_cluster.sh.o198301 <==
Best: -45.0 	[2,1,0,2,2,1,2,1,0,2,0,2,2,0,2,2,0,0,1,1,2,1,2,2,0,0,2,2,0,1,0,0,2,1,2,2,0,1,0,1,0,1,1,1,1,1,0,0,1,2,2,1,1,2,1,1,2,1,1,1,1,0,0,1,1,1,2,1,2,2,0,1,1,1,0,2,2,1,0,2,2,1,2]
-45.0:[2, 1, 0, 2, 2, 1, 2, 1, 0, 2, 0, 2, 2, 0, 2, 2, 0, 0, 1, 1, 2, 1, 2, 2, 0, 0, 2, 2, 0, 1, 0, 0, 2, 1, 2, 2, 0, 1, 0, 1, 0, 1, 1, 1, 1, 1, 0, 0, 1, 2, 2, 1, 1, 2, 1, 1, 2, 1, 1, 1, 1, 0, 0, 1, 1, 1, 2, 1, 2, 2, 0, 1, 1, 1, 0, 2, 2, 1, 0, 2, 2, 1, 2]
End Time: Qui Jun 30 03:17:29 BRT 2016 --- run in 1:52:21 ---

==> run_hypdp_cluster.sh.o198302 <==
Best: -40.0 	[1,1,0,1,2,1,2,1,2,0,2,0,0,2,1,2,2,0,0,1,2,1,2,2,0,1,2,0,0,1,0,1,2,1,1,0,0,2,2,1,2,1,1,2,1,1,0,1,1,0,0,1,2,2,1,1,2,0,0,2,2,1,2,1,0,2,0,0,1,0,2,2,0,1,0,1,0,2,2,0,0,2,0]
-40.0:[1, 1, 0, 1, 2, 1, 2, 1, 2, 0, 2, 0, 0, 2, 1, 2, 2, 0, 0, 1, 2, 1, 2, 2, 0, 1, 2, 0, 0, 1, 0, 1, 2, 1, 1, 0, 0, 2, 2, 1, 2, 1, 1, 2, 1, 1, 0, 1, 1, 0, 0, 1, 2, 2, 1, 1, 2, 0, 0, 2, 2, 1, 2, 1, 0, 2, 0, 0, 1, 0, 2, 2, 0, 1, 0, 1, 0, 2, 2, 0, 0, 2, 0]
End Time: Qui Jun 30 03:49:26 BRT 2016 --- run in 2:24:39 ---

==> run_hypdp_cluster.sh.o198303 <==
Best: -42.0 	[1,2,1,1,2,2,1,0,0,1,2,2,1,1,1,0,1,1,2,0,0,1,1,1,0,1,0,0,2,2,1,2,1,1,2,1,1,0,1,0,1,0,2,2,1,2,1,0,0,1,1,1,1,0,1,0,0,2,2,1,2,1,1,2,1,0,2,0,1,0,0,2,0,2,1,2,2,0,2,0,0,1,0]
-42.0:[1, 2, 1, 1, 2, 2, 1, 0, 0, 1, 2, 2, 1, 1, 1, 0, 1, 1, 2, 0, 0, 1, 1, 1, 0, 1, 0, 0, 2, 2, 1, 2, 1, 1, 2, 1, 1, 0, 1, 0, 1, 0, 2, 2, 1, 2, 1, 0, 0, 1, 1, 1, 1, 0, 1, 0, 0, 2, 2, 1, 2, 1, 1, 2, 1, 0, 2, 0, 1, 0, 0, 2, 0, 2, 1, 2, 2, 0, 2, 0, 0, 1, 0]
End Time: Qui Jun 30 03:48:46 BRT 2016 --- run in 2:23:59 ---

==> run_hypdp_cluster.sh.o198304 <==
Best: -42.0 	[0,0,2,1,2,2,0,2,1,0,0,2,2,1,0,0,2,2,1,1,2,2,0,1,2,0,1,1,1,1,2,2,0,1,1,0,2,0,0,2,0,0,1,2,2,1,0,0,2,2,1,0,1,1,0,0,1,2,1,2,2,0,0,1,0,1,2,2,1,1,1,2,2,0,0,2,2,0,0,2,2,0,0]
-42.0:[0, 0, 2, 1, 2, 2, 0, 2, 1, 0, 0, 2, 2, 1, 0, 0, 2, 2, 1, 1, 2, 2, 0, 1, 2, 0, 1, 1, 1, 1, 2, 2, 0, 1, 1, 0, 2, 0, 0, 2, 0, 0, 1, 2, 2, 1, 0, 0, 2, 2, 1, 0, 1, 1, 0, 0, 1, 2, 1, 2, 2, 0, 0, 1, 0, 1, 2, 2, 1, 1, 1, 2, 2, 0, 0, 2, 2, 0, 0, 2, 2, 0, 0]
End Time: Qui Jun 30 03:18:27 BRT 2016 --- run in 1:53:19 ---

==> run_hypdp_cluster.sh.o198305 <==
Best: -45.0 	[0,0,2,1,1,2,2,1,0,0,1,1,0,1,2,2,1,1,1,1,2,1,2,2,0,0,1,1,1,2,0,1,2,1,0,2,0,1,0,1,0,1,2,1,1,0,0,2,2,0,1,1,2,2,1,1,1,1,1,2,1,1,0,0,1,1,2,1,0,0,2,0,0,2,2,0,0,2,2,0,0,2,2]
-45.0:[0, 0, 2, 1, 1, 2, 2, 1, 0, 0, 1, 1, 0, 1, 2, 2, 1, 1, 1, 1, 2, 1, 2, 2, 0, 0, 1, 1, 1, 2, 0, 1, 2, 1, 0, 2, 0, 1, 0, 1, 0, 1, 2, 1, 1, 0, 0, 2, 2, 0, 1, 1, 2, 2, 1, 1, 1, 1, 1, 2, 1, 1, 0, 0, 1, 1, 2, 1, 0, 0, 2, 0, 0, 2, 2, 0, 0, 2, 2, 0, 0, 2, 2]
End Time: Qui Jun 30 03:12:19 BRT 2016 --- run in 1:47:11 ---

==> run_hypdp_cluster.sh.o198306 <==
Best: -41.0 	[1,0,0,1,1,0,1,0,1,1,1,1,2,2,1,1,1,0,2,0,2,1,0,0,1,1,1,0,1,2,2,1,1,2,1,1,0,1,0,0,2,2,1,1,1,0,1,0,0,2,2,1,0,0,1,2,2,1,0,0,2,2,0,0,2,2,1,0,1,1,1,0,0,2,2,1,0,1,1,2,2,0,1]
-41.0:[1, 0, 0, 1, 1, 0, 1, 0, 1, 1, 1, 1, 2, 2, 1, 1, 1, 0, 2, 0, 2, 1, 0, 0, 1, 1, 1, 0, 1, 2, 2, 1, 1, 2, 1, 1, 0, 1, 0, 0, 2, 2, 1, 1, 1, 0, 1, 0, 0, 2, 2, 1, 0, 0, 1, 2, 2, 1, 0, 0, 2, 2, 0, 0, 2, 2, 1, 0, 1, 1, 1, 0, 0, 2, 2, 1, 0, 1, 1, 2, 2, 0, 1]
End Time: Qui Jun 30 03:16:08 BRT 2016 --- run in 1:51:0 ---

==> run_hypdp_cluster.sh.o198307 <==
Best: -44.0 	[1,0,1,1,0,1,0,0,2,2,1,0,2,1,2,2,0,2,0,0,1,0,2,0,1,1,1,0,0,2,2,0,0,2,1,2,2,0,1,2,2,0,0,2,2,0,0,1,1,2,2,0,0,1,0,1,1,1,0,0,2,2,1,2,1,1,1,1,1,2,1,1,2,1,0,2,2,1,2,1,0,0,1]
-44.0:[1, 0, 1, 1, 0, 1, 0, 0, 2, 2, 1, 0, 2, 1, 2, 2, 0, 2, 0, 0, 1, 0, 2, 0, 1, 1, 1, 0, 0, 2, 2, 0, 0, 2, 1, 2, 2, 0, 1, 2, 2, 0, 0, 2, 2, 0, 0, 1, 1, 2, 2, 0, 0, 1, 0, 1, 1, 1, 0, 0, 2, 2, 1, 2, 1, 1, 1, 1, 1, 2, 1, 1, 2, 1, 0, 2, 2, 1, 2, 1, 0, 0, 1]
End Time: Qui Jun 30 03:49:46 BRT 2016 --- run in 2:24:59 ---

==> run_hypdp_cluster.sh.o198308 <==
Best: -43.0 	[2,1,1,0,1,1,0,1,0,1,2,2,1,0,1,1,1,0,1,1,1,0,1,0,1,0,2,2,1,2,1,1,1,0,2,2,0,0,1,0,1,1,2,2,1,1,1,2,0,1,1,1,0,0,1,1,2,1,0,0,2,2,0,0,2,1,2,2,0,2,0,2,2,0,0,2,2,0,0,2,2,1,2]
-43.0:[2, 1, 1, 0, 1, 1, 0, 1, 0, 1, 2, 2, 1, 0, 1, 1, 1, 0, 1, 1, 1, 0, 1, 0, 1, 0, 2, 2, 1, 2, 1, 1, 1, 0, 2, 2, 0, 0, 1, 0, 1, 1, 2, 2, 1, 1, 1, 2, 0, 1, 1, 1, 0, 0, 1, 1, 2, 1, 0, 0, 2, 2, 0, 0, 2, 1, 2, 2, 0, 2, 0, 2, 2, 0, 0, 2, 2, 0, 0, 2, 2, 1, 2]
End Time: Qui Jun 30 04:55:30 BRT 2016 --- run in 1:43:38 ---
