==> run_hypdp_cluster.sh.o199169 <==
Best: -27.0 	[1,1,2,2,1,1,0,0,1,1,1,2,2,1,0,2,2,0,0,1,2,2,1,1,1,1,1,1,0,1,2,1,2,2,0,0,2,1,1,1,0,0,2,2,1,2,1,1,1,1,2,1,1,2,2,1,0,0,1,1,0,1]
-27.0:[1, 1, 2, 2, 1, 1, 0, 0, 1, 1, 1, 2, 2, 1, 0, 2, 2, 0, 0, 1, 2, 2, 1, 1, 1, 1, 1, 1, 0, 1, 2, 1, 2, 2, 0, 0, 2, 1, 1, 1, 0, 0, 2, 2, 1, 2, 1, 1, 1, 1, 2, 1, 1, 2, 2, 1, 0, 0, 1, 1, 0, 1]
End Time: Ter Jul 5 05:59:20 BRT 2016 --- run in 1:45:53 ---

==> run_hypdp_cluster.sh.o199170 <==
Best: -32.0 	[2,2,0,0,1,2,0,0,2,2,1,1,2,2,0,1,2,0,0,2,2,1,1,1,1,1,2,2,0,1,2,1,0,0,2,2,0,2,0,1,1,1,2,1,1,1,2,1,1,1,2,1,1,2,2,0,0,2,2,1,2,1]
-32.0:[2, 2, 0, 0, 1, 2, 0, 0, 2, 2, 1, 1, 2, 2, 0, 1, 2, 0, 0, 2, 2, 1, 1, 1, 1, 1, 2, 2, 0, 1, 2, 1, 0, 0, 2, 2, 0, 2, 0, 1, 1, 1, 2, 1, 1, 1, 2, 1, 1, 1, 2, 1, 1, 2, 2, 0, 0, 2, 2, 1, 2, 1]
End Time: Ter Jul 5 05:59:06 BRT 2016 --- run in 1:45:38 ---

==> run_hypdp_cluster.sh.o199171 <==
Best: -32.0 	[0,1,2,2,1,1,0,0,1,1,2,2,1,1,1,0,0,1,2,0,0,2,1,0,1,2,0,0,2,1,0,1,2,1,1,0,1,0,0,2,2,0,1,2,2,0,1,2,0,1,0,0,2,1,0,0,2,2,0,2,2,1]
-32.0:[0, 1, 2, 2, 1, 1, 0, 0, 1, 1, 2, 2, 1, 1, 1, 0, 0, 1, 2, 0, 0, 2, 1, 0, 1, 2, 0, 0, 2, 1, 0, 1, 2, 1, 1, 0, 1, 0, 0, 2, 2, 0, 1, 2, 2, 0, 1, 2, 0, 1, 0, 0, 2, 1, 0, 0, 2, 2, 0, 2, 2, 1]
End Time: Ter Jul 5 05:59:40 BRT 2016 --- run in 1:46:13 ---

==> run_hypdp_cluster.sh.o199172 <==
Best: -28.0 	[1,1,0,0,2,0,0,2,2,1,2,1,1,2,0,0,2,1,1,0,2,1,2,1,2,0,2,2,0,0,1,2,0,0,1,2,1,2,2,0,1,1,1,1,1,1,1,2,1,1,2,2,1,0,1,1,1,1,0,1,2,0]
-28.0:[1, 1, 0, 0, 2, 0, 0, 2, 2, 1, 2, 1, 1, 2, 0, 0, 2, 1, 1, 0, 2, 1, 2, 1, 2, 0, 2, 2, 0, 0, 1, 2, 0, 0, 1, 2, 1, 2, 2, 0, 1, 1, 1, 1, 1, 1, 1, 2, 1, 1, 2, 2, 1, 0, 1, 1, 1, 1, 0, 1, 2, 0]
End Time: Ter Jul 5 06:00:49 BRT 2016 --- run in 1:46:37 ---

==> run_hypdp_cluster.sh.o199173 <==
Best: -33.0 	[0,0,1,2,1,1,2,2,1,0,0,1,1,1,0,1,0,2,1,0,0,2,2,0,0,2,1,0,2,1,0,0,2,2,0,0,2,1,1,0,0,2,2,0,1,1,0,2,0,1,0,0,2,0,2,2,0,1,2,2,1,1]
-33.0:[0, 0, 1, 2, 1, 1, 2, 2, 1, 0, 0, 1, 1, 1, 0, 1, 0, 2, 1, 0, 0, 2, 2, 0, 0, 2, 1, 0, 2, 1, 0, 0, 2, 2, 0, 0, 2, 1, 1, 0, 0, 2, 2, 0, 1, 1, 0, 2, 0, 1, 0, 0, 2, 0, 2, 2, 0, 1, 2, 2, 1, 1]
End Time: Ter Jul 5 06:02:56 BRT 2016 --- run in 1:47:59 ---

==> run_hypdp_cluster.sh.o199174 <==
Best: -31.0 	[0,0,2,2,0,0,1,0,1,1,2,2,1,1,1,2,1,0,1,2,2,1,0,1,1,1,1,2,2,0,1,2,0,0,2,2,0,1,1,1,1,2,2,1,0,2,1,0,2,2,0,1,1,1,2,1,2,2,0,1,1,1]
-31.0:[0, 0, 2, 2, 0, 0, 1, 0, 1, 1, 2, 2, 1, 1, 1, 2, 1, 0, 1, 2, 2, 1, 0, 1, 1, 1, 1, 2, 2, 0, 1, 2, 0, 0, 2, 2, 0, 1, 1, 1, 1, 2, 2, 1, 0, 2, 1, 0, 2, 2, 0, 1, 1, 1, 2, 1, 2, 2, 0, 1, 1, 1]
End Time: Ter Jul 5 06:03:30 BRT 2016 --- run in 1:48:18 ---

==> run_hypdp_cluster.sh.o199175 <==
Best: -33.0 	[1,1,2,2,1,1,1,2,0,0,1,0,2,1,0,0,1,2,2,0,0,2,2,0,0,2,0,0,2,2,0,0,2,1,0,2,2,0,0,1,1,1,1,1,1,0,0,1,1,2,1,0,0,1,2,2,1,0,2,2,1,1]
-33.0:[1, 1, 2, 2, 1, 1, 1, 2, 0, 0, 1, 0, 2, 1, 0, 0, 1, 2, 2, 0, 0, 2, 2, 0, 0, 2, 0, 0, 2, 2, 0, 0, 2, 1, 0, 2, 2, 0, 0, 1, 1, 1, 1, 1, 1, 0, 0, 1, 1, 2, 1, 0, 0, 1, 2, 2, 1, 0, 2, 2, 1, 1]
End Time: Ter Jul 5 06:04:53 BRT 2016 --- run in 1:48:41 ---

==> run_hypdp_cluster.sh.o199176 <==
Best: -30.0 	[1,0,1,1,0,0,1,2,2,1,0,1,1,0,2,0,0,2,1,0,0,1,1,2,2,1,1,0,2,1,0,0,1,2,2,1,1,0,0,2,1,0,1,2,2,0,0,1,0,1,1,0,1,2,2,1,1,2,0,0,2,2]
-30.0:[1, 0, 1, 1, 0, 0, 1, 2, 2, 1, 0, 1, 1, 0, 2, 0, 0, 2, 1, 0, 0, 1, 1, 2, 2, 1, 1, 0, 2, 1, 0, 0, 1, 2, 2, 1, 1, 0, 0, 2, 1, 0, 1, 2, 2, 0, 0, 1, 0, 1, 1, 0, 1, 2, 2, 1, 1, 2, 0, 0, 2, 2]
End Time: Ter Jul 5 06:04:58 BRT 2016 --- run in 1:48:31 ---

==> run_hypdp_cluster.sh.o199177 <==
Best: -30.0 	[0,0,1,1,1,0,0,1,2,1,2,2,0,1,1,1,1,2,2,1,1,0,0,2,2,0,1,2,1,0,1,2,1,1,0,2,1,2,2,0,0,2,2,0,0,2,2,1,2,1,0,2,0,0,1,2,1,0,0,1,1,0]
-30.0:[0, 0, 1, 1, 1, 0, 0, 1, 2, 1, 2, 2, 0, 1, 1, 1, 1, 2, 2, 1, 1, 0, 0, 2, 2, 0, 1, 2, 1, 0, 1, 2, 1, 1, 0, 2, 1, 2, 2, 0, 0, 2, 2, 0, 0, 2, 2, 1, 2, 1, 0, 2, 0, 0, 1, 2, 1, 0, 0, 1, 1, 0]
End Time: Ter Jul 5 06:04:17 BRT 2016 --- run in 1:47:50 ---

==> run_hypdp_cluster.sh.o199178 <==
Best: -26.0 	[2,1,0,1,0,0,2,2,1,0,2,2,1,2,0,0,2,0,2,1,2,1,0,2,2,1,2,0,0,1,0,1,2,2,1,0,1,2,2,0,0,1,2,1,2,1,1,0,2,2,0,0,2,0,0,1,2,2,1,0,0,1]
-26.0:[2, 1, 0, 1, 0, 0, 2, 2, 1, 0, 2, 2, 1, 2, 0, 0, 2, 0, 2, 1, 2, 1, 0, 2, 2, 1, 2, 0, 0, 1, 0, 1, 2, 2, 1, 0, 1, 2, 2, 0, 0, 1, 2, 1, 2, 1, 1, 0, 2, 2, 0, 0, 2, 0, 0, 1, 2, 2, 1, 0, 0, 1]
End Time: Ter Jul 5 06:06:00 BRT 2016 --- run in 1:49:18 ---

==> run_hypdp_cluster.sh.o199179 <==
Best: -30.0 	[1,0,0,1,1,1,1,2,2,1,0,0,1,1,1,0,0,2,1,2,0,1,1,1,0,0,1,2,1,2,0,0,2,1,1,1,2,0,0,2,1,0,0,2,2,0,0,1,1,0,0,2,2,1,1,1,1,1,1,2,2,1]
-30.0:[1, 0, 0, 1, 1, 1, 1, 2, 2, 1, 0, 0, 1, 1, 1, 0, 0, 2, 1, 2, 0, 1, 1, 1, 0, 0, 1, 2, 1, 2, 0, 0, 2, 1, 1, 1, 2, 0, 0, 2, 1, 0, 0, 2, 2, 0, 0, 1, 1, 0, 0, 2, 2, 1, 1, 1, 1, 1, 1, 2, 2, 1]
End Time: Ter Jul 5 06:06:14 BRT 2016 --- run in 1:49:17 ---

==> run_hypdp_cluster.sh.o199180 <==
Best: -29.0 	[0,0,2,2,1,1,0,0,1,1,2,2,1,1,0,1,1,1,1,1,0,1,1,0,0,2,0,2,2,1,0,0,1,2,2,1,1,0,1,1,2,0,0,2,1,0,1,2,0,1,1,0,1,0,0,2,2,1,2,1,0,1]
-29.0:[0, 0, 2, 2, 1, 1, 0, 0, 1, 1, 2, 2, 1, 1, 0, 1, 1, 1, 1, 1, 0, 1, 1, 0, 0, 2, 0, 2, 2, 1, 0, 0, 1, 2, 2, 1, 1, 0, 1, 1, 2, 0, 0, 2, 1, 0, 1, 2, 0, 1, 1, 0, 1, 0, 0, 2, 2, 1, 2, 1, 0, 1]
End Time: Ter Jul 5 06:06:29 BRT 2016 --- run in 1:49:32 ---

==> run_hypdp_cluster.sh.o199181 <==
Best: -29.0 	[2,1,2,2,0,2,0,0,1,0,2,0,1,1,1,1,0,1,0,0,2,2,1,2,0,1,0,0,2,2,0,0,2,1,1,0,2,0,0,2,2,0,0,2,1,1,1,0,0,2,1,1,0,2,0,0,1,1,1,0,0,1]
-29.0:[2, 1, 2, 2, 0, 2, 0, 0, 1, 0, 2, 0, 1, 1, 1, 1, 0, 1, 0, 0, 2, 2, 1, 2, 0, 1, 0, 0, 2, 2, 0, 0, 2, 1, 1, 0, 2, 0, 0, 2, 2, 0, 0, 2, 1, 1, 1, 0, 0, 2, 1, 1, 0, 2, 0, 0, 1, 1, 1, 0, 0, 1]
End Time: Ter Jul 5 06:07:24 BRT 2016 --- run in 1:49:57 ---

==> run_hypdp_cluster.sh.o199182 <==
Best: -28.0 	[1,0,0,1,1,0,1,0,2,1,2,1,1,1,2,0,0,1,0,2,0,1,0,2,1,2,0,0,1,2,0,0,2,2,1,1,0,0,2,1,1,0,0,2,2,1,0,2,0,0,1,0,2,2,1,0,1,1,2,0,0,1]
-28.0:[1, 0, 0, 1, 1, 0, 1, 0, 2, 1, 2, 1, 1, 1, 2, 0, 0, 1, 0, 2, 0, 1, 0, 2, 1, 2, 0, 0, 1, 2, 0, 0, 2, 2, 1, 1, 0, 0, 2, 1, 1, 0, 0, 2, 2, 1, 0, 2, 0, 0, 1, 0, 2, 2, 1, 0, 1, 1, 2, 0, 0, 1]
End Time: Ter Jul 5 06:07:34 BRT 2016 --- run in 1:49:52 ---

==> run_hypdp_cluster.sh.o199183 <==
Best: -31.0 	[1,0,0,1,2,2,1,0,0,2,0,0,2,0,2,1,1,0,2,0,0,2,1,1,1,2,0,0,1,2,0,0,2,2,0,0,2,0,0,1,2,0,0,2,2,1,1,1,2,0,2,2,1,0,2,1,0,0,1,2,2,1]
-31.0:[1, 0, 0, 1, 2, 2, 1, 0, 0, 2, 0, 0, 2, 0, 2, 1, 1, 0, 2, 0, 0, 2, 1, 1, 1, 2, 0, 0, 1, 2, 0, 0, 2, 2, 0, 0, 2, 0, 0, 1, 2, 0, 0, 2, 2, 1, 1, 1, 2, 0, 2, 2, 1, 0, 2, 1, 0, 0, 1, 2, 2, 1]
End Time: Ter Jul 5 06:36:32 BRT 2016 --- run in 1:49:20 ---

==> run_hypdp_cluster.sh.o199184 <==
Best: -31.0 	[0,1,0,0,2,2,0,1,0,0,2,0,2,1,1,1,0,0,2,0,0,2,2,1,0,2,0,0,2,2,1,1,0,1,0,1,2,0,2,1,1,0,0,1,1,2,1,1,0,2,0,0,1,0,2,2,0,0,2,2,0,1]
-31.0:[0, 1, 0, 0, 2, 2, 0, 1, 0, 0, 2, 0, 2, 1, 1, 1, 0, 0, 2, 0, 0, 2, 2, 1, 0, 2, 0, 0, 2, 2, 1, 1, 0, 1, 0, 1, 2, 0, 2, 1, 1, 0, 0, 1, 1, 2, 1, 1, 0, 2, 0, 0, 1, 0, 2, 2, 0, 0, 2, 2, 0, 1]
End Time: Ter Jul 5 07:14:58 BRT 2016 --- run in 2:25:41 ---

==> run_hypdp_cluster.sh.o199185 <==
Best: -31.0 	[2,2,1,2,0,0,1,0,1,1,2,2,1,1,1,2,1,1,1,2,1,1,1,1,0,2,2,0,1,1,2,2,0,0,1,2,2,0,2,0,1,2,2,0,0,1,2,2,1,1,1,1,1,2,1,2,2,0,1,0,0,2]
-31.0:[2, 2, 1, 2, 0, 0, 1, 0, 1, 1, 2, 2, 1, 1, 1, 2, 1, 1, 1, 2, 1, 1, 1, 1, 0, 2, 2, 0, 1, 1, 2, 2, 0, 0, 1, 2, 2, 0, 2, 0, 1, 2, 2, 0, 0, 1, 2, 2, 1, 1, 1, 1, 1, 2, 1, 2, 2, 0, 1, 0, 0, 2]
End Time: Ter Jul 5 07:15:30 BRT 2016 --- run in 2:25:58 ---

==> run_hypdp_cluster.sh.o199186 <==
Best: -29.0 	[2,2,0,2,2,1,1,0,0,1,2,2,0,0,1,0,1,2,0,2,0,0,2,0,2,1,0,1,2,2,1,0,0,1,1,0,2,1,0,2,1,0,0,2,2,0,1,0,0,2,1,1,0,0,1,2,2,0,2,2,0,1]
-29.0:[2, 2, 0, 2, 2, 1, 1, 0, 0, 1, 2, 2, 0, 0, 1, 0, 1, 2, 0, 2, 0, 0, 2, 0, 2, 1, 0, 1, 2, 2, 1, 0, 0, 1, 1, 0, 2, 1, 0, 2, 1, 0, 0, 2, 2, 0, 1, 0, 0, 2, 1, 1, 0, 0, 1, 2, 2, 0, 2, 2, 0, 1]
End Time: Ter Jul 5 07:16:43 BRT 2016 --- run in 2:26:11 ---

==> run_hypdp_cluster.sh.o199187 <==
Best: -32.0 	[1,2,1,1,2,1,2,2,0,0,1,0,1,1,1,1,1,1,1,0,0,1,1,1,1,2,1,1,0,2,0,0,2,1,1,1,2,0,0,2,1,0,1,1,2,0,0,1,1,1,0,1,0,0,2,2,1,2,1,1,2,1]
-32.0:[1, 2, 1, 1, 2, 1, 2, 2, 0, 0, 1, 0, 1, 1, 1, 1, 1, 1, 1, 0, 0, 1, 1, 1, 1, 2, 1, 1, 0, 2, 0, 0, 2, 1, 1, 1, 2, 0, 0, 2, 1, 0, 1, 1, 2, 0, 0, 1, 1, 1, 0, 1, 0, 0, 2, 2, 1, 2, 1, 1, 2, 1]
End Time: Ter Jul 5 07:16:12 BRT 2016 --- run in 2:25:40 ---

==> run_hypdp_cluster.sh.o199188 <==
Best: -27.0 	[2,0,0,2,2,0,2,2,1,1,1,2,0,0,1,0,1,1,2,2,0,0,1,0,1,2,1,0,1,2,1,0,1,1,0,0,1,2,1,2,2,0,1,0,1,1,1,1,1,0,0,1,1,1,2,2,1,1,1,1,0,0]
-27.0:[2, 0, 0, 2, 2, 0, 2, 2, 1, 1, 1, 2, 0, 0, 1, 0, 1, 1, 2, 2, 0, 0, 1, 0, 1, 2, 1, 0, 1, 2, 1, 0, 1, 1, 0, 0, 1, 2, 1, 2, 2, 0, 1, 0, 1, 1, 1, 1, 1, 0, 0, 1, 1, 1, 2, 2, 1, 1, 1, 1, 0, 0]
End Time: Ter Jul 5 07:16:36 BRT 2016 --- run in 2:25:49 ---

==> run_hypdp_cluster.sh.o199189 <==
Best: -28.0 	[2,2,1,1,1,2,2,1,0,2,0,0,2,1,1,0,0,2,0,0,2,1,2,2,0,0,1,1,1,1,0,0,2,1,1,1,2,1,0,2,1,0,0,2,1,1,0,2,0,0,1,1,2,0,2,0,0,1,0,2,0,1]
-28.0:[2, 2, 1, 1, 1, 2, 2, 1, 0, 2, 0, 0, 2, 1, 1, 0, 0, 2, 0, 0, 2, 1, 2, 2, 0, 0, 1, 1, 1, 1, 0, 0, 2, 1, 1, 1, 2, 1, 0, 2, 1, 0, 0, 2, 1, 1, 0, 2, 0, 0, 1, 1, 2, 0, 2, 0, 0, 1, 0, 2, 0, 1]
End Time: Ter Jul 5 07:17:27 BRT 2016 --- run in 2:25:55 ---

==> run_hypdp_cluster.sh.o199190 <==
Best: -31.0 	[0,0,1,1,0,0,2,0,2,2,1,2,0,1,0,0,2,1,1,2,2,1,0,0,1,1,0,1,1,1,0,1,2,2,0,0,2,0,1,2,1,0,0,2,2,1,0,0,1,2,0,0,1,1,2,0,1,2,1,1,0,1]
-31.0:[0, 0, 1, 1, 0, 0, 2, 0, 2, 2, 1, 2, 0, 1, 0, 0, 2, 1, 1, 2, 2, 1, 0, 0, 1, 1, 0, 1, 1, 1, 0, 1, 2, 2, 0, 0, 2, 0, 1, 2, 1, 0, 0, 2, 2, 1, 0, 0, 1, 2, 0, 0, 1, 1, 2, 0, 1, 2, 1, 1, 0, 1]
End Time: Ter Jul 5 07:17:45 BRT 2016 --- run in 2:25:58 ---

==> run_hypdp_cluster.sh.o199191 <==
Best: -30.0 	[1,0,0,1,1,0,1,0,1,1,1,1,2,2,0,2,2,0,0,1,1,1,1,1,2,1,2,2,0,1,0,0,2,1,2,1,0,2,2,0,0,2,2,0,0,1,2,2,1,1,2,1,1,1,0,0,2,2,1,2,1,0]
-30.0:[1, 0, 0, 1, 1, 0, 1, 0, 1, 1, 1, 1, 2, 2, 0, 2, 2, 0, 0, 1, 1, 1, 1, 1, 2, 1, 2, 2, 0, 1, 0, 0, 2, 1, 2, 1, 0, 2, 2, 0, 0, 2, 2, 0, 0, 1, 2, 2, 1, 1, 2, 1, 1, 1, 0, 0, 2, 2, 1, 2, 1, 0]
End Time: Ter Jul 5 07:19:36 BRT 2016 --- run in 2:25:49 ---

==> run_hypdp_cluster.sh.o199192 <==
Best: -32.0 	[0,2,2,0,0,1,1,0,0,2,1,0,2,0,1,0,1,1,1,1,0,1,2,0,0,2,1,0,1,1,2,1,0,1,2,1,1,2,1,1,1,1,1,2,1,1,2,0,2,1,2,2,0,2,0,0,1,0,2,2,0,0]
-32.0:[0, 2, 2, 0, 0, 1, 1, 0, 0, 2, 1, 0, 2, 0, 1, 0, 1, 1, 1, 1, 0, 1, 2, 0, 0, 2, 1, 0, 1, 1, 2, 1, 0, 1, 2, 1, 1, 2, 1, 1, 1, 1, 1, 2, 1, 1, 2, 0, 2, 1, 2, 2, 0, 2, 0, 0, 1, 0, 2, 2, 0, 0]
End Time: Ter Jul 5 07:20:01 BRT 2016 --- run in 2:25:59 ---

==> run_hypdp_cluster.sh.o199193 <==
Best: -31.0 	[0,0,1,1,0,0,2,2,0,1,0,1,0,1,2,2,0,0,2,0,0,2,2,0,1,0,0,2,1,2,0,0,2,1,0,2,2,0,0,2,1,0,0,2,1,1,1,0,1,1,0,1,0,0,2,2,1,2,1,0,0,1]
-31.0:[0, 0, 1, 1, 0, 0, 2, 2, 0, 1, 0, 1, 0, 1, 2, 2, 0, 0, 2, 0, 0, 2, 2, 0, 1, 0, 0, 2, 1, 2, 0, 0, 2, 1, 0, 2, 2, 0, 0, 2, 1, 0, 0, 2, 1, 1, 1, 0, 1, 1, 0, 1, 0, 0, 2, 2, 1, 2, 1, 0, 0, 1]
End Time: Ter Jul 5 07:41:53 BRT 2016 --- run in 2:26:51 ---

==> run_hypdp_cluster.sh.o199194 <==
Best: -33.0 	[0,0,1,0,1,2,2,1,1,2,1,1,1,0,0,1,1,1,2,0,0,2,2,1,0,1,0,0,2,2,0,1,1,2,0,0,2,0,1,2,2,0,0,1,2,0,0,1,0,2,1,1,0,0,2,2,1,2,1,0,0,1]
-33.0:[0, 0, 1, 0, 1, 2, 2, 1, 1, 2, 1, 1, 1, 0, 0, 1, 1, 1, 2, 0, 0, 2, 2, 1, 0, 1, 0, 0, 2, 2, 0, 1, 1, 2, 0, 0, 2, 0, 1, 2, 2, 0, 0, 1, 2, 0, 0, 1, 0, 2, 1, 1, 0, 0, 2, 2, 1, 2, 1, 0, 0, 1]
End Time: Ter Jul 5 07:16:08 BRT 2016 --- run in 1:45:41 ---

==> run_hypdp_cluster.sh.o199195 <==
Best: -32.0 	[1,1,2,2,1,0,1,0,0,2,1,0,2,0,0,2,0,1,2,0,0,2,2,0,0,2,0,0,2,1,2,2,0,1,0,1,0,2,0,2,1,1,0,1,2,0,0,1,1,2,0,0,1,0,1,2,2,1,1,2,0,1]
-32.0:[1, 1, 2, 2, 1, 0, 1, 0, 0, 2, 1, 0, 2, 0, 0, 2, 0, 1, 2, 0, 0, 2, 2, 0, 0, 2, 0, 0, 2, 1, 2, 2, 0, 1, 0, 1, 0, 2, 0, 2, 1, 1, 0, 1, 2, 0, 0, 1, 1, 2, 0, 0, 1, 0, 1, 2, 2, 1, 1, 2, 0, 1]
End Time: Ter Jul 5 08:26:02 BRT 2016 --- run in 2:27:30 ---

==> run_hypdp_cluster.sh.o199196 <==
Best: -30.0 	[2,0,2,1,1,2,1,2,2,0,0,2,0,1,0,0,2,1,1,0,1,1,2,1,0,1,0,1,1,2,1,1,0,1,0,0,2,2,1,2,1,0,0,1,2,1,0,1,0,2,0,0,1,2,2,0,0,2,2,0,1,1]
-30.0:[2, 0, 2, 1, 1, 2, 1, 2, 2, 0, 0, 2, 0, 1, 0, 0, 2, 1, 1, 0, 1, 1, 2, 1, 0, 1, 0, 1, 1, 2, 1, 1, 0, 1, 0, 0, 2, 2, 1, 2, 1, 0, 0, 1, 2, 1, 0, 1, 0, 2, 0, 0, 1, 2, 2, 0, 0, 2, 2, 0, 1, 1]
End Time: Ter Jul 5 07:45:12 BRT 2016 --- run in 1:46:15 ---

==> run_hypdp_cluster.sh.o199197 <==
Best: -27.0 	[0,0,1,0,1,1,0,0,2,2,0,0,1,1,1,2,0,2,1,0,0,1,2,1,1,1,1,0,2,1,0,0,1,2,0,1,1,1,1,0,1,2,2,1,1,1,1,1,0,1,1,0,2,0,0,1,0,2,2,1,1,1]
-27.0:[0, 0, 1, 0, 1, 1, 0, 0, 2, 2, 0, 0, 1, 1, 1, 2, 0, 2, 1, 0, 0, 1, 2, 1, 1, 1, 1, 0, 2, 1, 0, 0, 1, 2, 0, 1, 1, 1, 1, 0, 1, 2, 2, 1, 1, 1, 1, 1, 0, 1, 1, 0, 2, 0, 0, 1, 0, 2, 2, 1, 1, 1]
End Time: Ter Jul 5 07:44:54 BRT 2016 --- run in 1:45:42 ---

==> run_hypdp_cluster.sh.o199198 <==
Best: -30.0 	[0,1,0,0,2,0,2,1,2,2,0,2,0,2,0,2,2,0,1,2,2,0,1,0,2,0,0,2,2,1,1,2,0,1,2,2,0,2,2,0,0,1,2,0,0,1,2,0,1,2,2,1,0,2,2,1,0,0,1,1,0,1]
-30.0:[0, 1, 0, 0, 2, 0, 2, 1, 2, 2, 0, 2, 0, 2, 0, 2, 2, 0, 1, 2, 2, 0, 1, 0, 2, 0, 0, 2, 2, 1, 1, 2, 0, 1, 2, 2, 0, 2, 2, 0, 0, 1, 2, 0, 0, 1, 2, 0, 1, 2, 2, 1, 0, 2, 2, 1, 0, 0, 1, 1, 0, 1]
End Time: Ter Jul 5 07:45:15 BRT 2016 --- run in 1:45:48 ---
