==> run_hypdp_cluster.sh.o198929 <==
Best: -45.0 	[1,1,2,0,2,2,1,2,0,1,1,2,0,2,2,1,1,1,1,1,1,0,0,1,1,1,2,2,0,1,0,0,2,2,0,1,1,1,0,0,1,1,2,0,2,2,1,2,0,0,1,1,1,0,2,0,1,1,2,2,1,1,0,0,1,1,2,1,1,0,2,0,0,1,0,2,1,1,2,2,1,0,2]
-45.0:[1, 1, 2, 0, 2, 2, 1, 2, 0, 1, 1, 2, 0, 2, 2, 1, 1, 1, 1, 1, 1, 0, 0, 1, 1, 1, 2, 2, 0, 1, 0, 0, 2, 2, 0, 1, 1, 1, 0, 0, 1, 1, 2, 0, 2, 2, 1, 2, 0, 0, 1, 1, 1, 0, 2, 0, 1, 1, 2, 2, 1, 1, 0, 0, 1, 1, 2, 1, 1, 0, 2, 0, 0, 1, 0, 2, 1, 1, 2, 2, 1, 0, 2]
End Time: Seg Jul 4 17:17:17 BRT 2016 --- run in 1:47:50 ---

==> run_hypdp_cluster.sh.o198930 <==
Best: -44.0 	[2,2,0,0,1,0,1,1,1,0,0,2,1,2,2,0,0,1,1,2,1,2,2,0,1,1,2,0,0,2,2,1,1,1,0,1,1,1,0,0,2,0,0,2,2,1,1,2,2,0,1,2,0,0,1,0,1,2,2,1,0,0,1,1,0,2,2,1,1,2,2,0,1,1,1,0,0,1,2,1,0,0,1]
-44.0:[2, 2, 0, 0, 1, 0, 1, 1, 1, 0, 0, 2, 1, 2, 2, 0, 0, 1, 1, 2, 1, 2, 2, 0, 1, 1, 2, 0, 0, 2, 2, 1, 1, 1, 0, 1, 1, 1, 0, 0, 2, 0, 0, 2, 2, 1, 1, 2, 2, 0, 1, 2, 0, 0, 1, 0, 1, 2, 2, 1, 0, 0, 1, 1, 0, 2, 2, 1, 1, 2, 2, 0, 1, 1, 1, 0, 0, 1, 2, 1, 0, 0, 1]
End Time: Seg Jul 4 17:49:45 BRT 2016 --- run in 2:20:43 ---

==> run_hypdp_cluster.sh.o198931 <==
Best: -47.0 	[2,1,0,1,0,0,2,1,0,1,1,1,0,0,2,0,2,2,0,1,2,1,2,0,2,2,1,0,0,2,1,0,0,1,2,0,1,1,2,2,1,1,1,2,0,0,2,2,1,0,0,1,2,2,1,1,2,1,0,1,1,1,1,0,0,1,2,1,1,0,0,1,1,2,2,1,0,1,2,2,1,0,2]
-47.0:[2, 1, 0, 1, 0, 0, 2, 1, 0, 1, 1, 1, 0, 0, 2, 0, 2, 2, 0, 1, 2, 1, 2, 0, 2, 2, 1, 0, 0, 2, 1, 0, 0, 1, 2, 0, 1, 1, 2, 2, 1, 1, 1, 2, 0, 0, 2, 2, 1, 0, 0, 1, 2, 2, 1, 1, 2, 1, 0, 1, 1, 1, 1, 0, 0, 1, 2, 1, 1, 0, 0, 1, 1, 2, 2, 1, 0, 1, 2, 2, 1, 0, 2]
End Time: Seg Jul 4 17:17:02 BRT 2016 --- run in 1:47:35 ---

==> run_hypdp_cluster.sh.o198932 <==
Best: -45.0 	[2,2,1,1,0,0,1,1,1,0,2,2,0,0,1,0,1,2,1,1,1,2,2,1,1,0,0,2,0,2,2,1,2,0,1,1,1,0,1,1,0,0,1,2,1,2,2,0,0,1,0,2,2,1,2,1,1,1,1,0,1,0,0,2,1,1,1,1,2,2,1,1,1,0,0,2,2,1,0,2,2,1,2]
-45.0:[2, 2, 1, 1, 0, 0, 1, 1, 1, 0, 2, 2, 0, 0, 1, 0, 1, 2, 1, 1, 1, 2, 2, 1, 1, 0, 0, 2, 0, 2, 2, 1, 2, 0, 1, 1, 1, 0, 1, 1, 0, 0, 1, 2, 1, 2, 2, 0, 0, 1, 0, 2, 2, 1, 2, 1, 1, 1, 1, 0, 1, 0, 0, 2, 1, 1, 1, 1, 2, 2, 1, 1, 1, 0, 0, 2, 2, 1, 0, 2, 2, 1, 2]
End Time: Seg Jul 4 17:48:32 BRT 2016 --- run in 2:19:30 ---

==> run_hypdp_cluster.sh.o198933 <==
Best: -45.0 	[2,2,0,1,2,2,1,1,1,2,1,0,2,2,1,1,1,1,1,1,0,2,0,0,1,0,2,2,1,2,0,0,1,0,2,2,0,1,1,0,1,0,0,2,2,0,1,2,2,1,1,1,1,1,0,0,2,2,0,0,1,2,2,1,1,2,1,1,0,0,2,0,0,2,2,0,0,1,2,0,0,2,2]
-45.0:[2, 2, 0, 1, 2, 2, 1, 1, 1, 2, 1, 0, 2, 2, 1, 1, 1, 1, 1, 1, 0, 2, 0, 0, 1, 0, 2, 2, 1, 2, 0, 0, 1, 0, 2, 2, 0, 1, 1, 0, 1, 0, 0, 2, 2, 0, 1, 2, 2, 1, 1, 1, 1, 1, 0, 0, 2, 2, 0, 0, 1, 2, 2, 1, 1, 2, 1, 1, 0, 0, 2, 0, 0, 2, 2, 0, 0, 1, 2, 0, 0, 2, 2]
End Time: Seg Jul 4 17:20:21 BRT 2016 --- run in 1:50:54 ---

==> run_hypdp_cluster.sh.o198934 <==
Best: -44.0 	[0,0,1,0,2,2,1,2,1,1,0,0,1,2,1,0,0,1,2,2,0,2,2,0,2,1,1,0,1,1,2,2,1,0,0,1,2,2,1,1,1,2,2,0,0,2,0,0,1,2,1,1,0,0,1,1,2,0,2,1,1,2,2,1,0,1,1,0,0,1,2,1,0,2,1,0,0,1,2,0,1,1,1]
-44.0:[0, 0, 1, 0, 2, 2, 1, 2, 1, 1, 0, 0, 1, 2, 1, 0, 0, 1, 2, 2, 0, 2, 2, 0, 2, 1, 1, 0, 1, 1, 2, 2, 1, 0, 0, 1, 2, 2, 1, 1, 1, 2, 2, 0, 0, 2, 0, 0, 1, 2, 1, 1, 0, 0, 1, 1, 2, 0, 2, 1, 1, 2, 2, 1, 0, 1, 1, 0, 0, 1, 2, 1, 0, 2, 1, 0, 0, 1, 2, 0, 1, 1, 1]
End Time: Seg Jul 4 17:16:01 BRT 2016 --- run in 1:46:34 ---

==> run_hypdp_cluster.sh.o198935 <==
Best: -45.0 	[0,2,0,2,2,1,2,0,1,2,2,0,0,2,2,1,1,2,0,0,2,1,0,0,1,2,0,0,2,1,2,2,0,1,1,0,1,1,0,0,1,2,2,1,1,0,0,1,2,2,1,1,1,0,0,1,1,2,2,1,0,0,1,2,2,0,2,2,0,2,0,1,1,1,1,2,2,1,0,2,2,0,1]
-45.0:[0, 2, 0, 2, 2, 1, 2, 0, 1, 2, 2, 0, 0, 2, 2, 1, 1, 2, 0, 0, 2, 1, 0, 0, 1, 2, 0, 0, 2, 1, 2, 2, 0, 1, 1, 0, 1, 1, 0, 0, 1, 2, 2, 1, 1, 0, 0, 1, 2, 2, 1, 1, 1, 0, 0, 1, 1, 2, 2, 1, 0, 0, 1, 2, 2, 0, 2, 2, 0, 2, 0, 1, 1, 1, 1, 2, 2, 1, 0, 2, 2, 0, 1]
End Time: Seg Jul 4 17:18:16 BRT 2016 --- run in 1:48:49 ---

==> run_hypdp_cluster.sh.o198936 <==
Best: -43.0 	[2,2,0,1,2,2,1,1,1,2,1,0,1,1,0,0,1,2,1,1,1,2,2,1,1,0,0,2,2,0,0,2,2,1,0,1,2,1,2,1,2,0,2,0,0,1,0,2,0,2,1,2,2,0,0,2,2,0,2,2,0,0,1,1,1,1,1,0,0,1,2,0,0,2,2,1,0,2,1,0,0,2,2]
-43.0:[2, 2, 0, 1, 2, 2, 1, 1, 1, 2, 1, 0, 1, 1, 0, 0, 1, 2, 1, 1, 1, 2, 2, 1, 1, 0, 0, 2, 2, 0, 0, 2, 2, 1, 0, 1, 2, 1, 2, 1, 2, 0, 2, 0, 0, 1, 0, 2, 0, 2, 1, 2, 2, 0, 0, 2, 2, 0, 2, 2, 0, 0, 1, 1, 1, 1, 1, 0, 0, 1, 2, 0, 0, 2, 2, 1, 0, 2, 1, 0, 0, 2, 2]
End Time: Seg Jul 4 17:48:21 BRT 2016 --- run in 2:19:19 ---

==> run_hypdp_cluster.sh.o198937 <==
Best: -44.0 	[2,2,1,2,1,1,1,1,2,2,1,1,0,0,1,1,1,0,1,1,1,2,2,1,1,1,1,1,1,2,2,1,0,1,1,1,1,0,0,1,2,0,0,2,2,1,0,1,2,2,1,0,2,1,1,1,1,2,2,1,1,1,0,0,1,2,0,0,2,1,1,0,0,2,2,0,0,1,2,0,0,2,2]
-44.0:[2, 2, 1, 2, 1, 1, 1, 1, 2, 2, 1, 1, 0, 0, 1, 1, 1, 0, 1, 1, 1, 2, 2, 1, 1, 1, 1, 1, 1, 2, 2, 1, 0, 1, 1, 1, 1, 0, 0, 1, 2, 0, 0, 2, 2, 1, 0, 1, 2, 2, 1, 0, 2, 1, 1, 1, 1, 2, 2, 1, 1, 1, 0, 0, 1, 2, 0, 0, 2, 1, 1, 0, 0, 2, 2, 0, 0, 1, 2, 0, 0, 2, 2]
End Time: Seg Jul 4 17:47:57 BRT 2016 --- run in 2:18:55 ---

==> run_hypdp_cluster.sh.o198938 <==
Best: -44.0 	[2,1,1,1,2,2,0,0,2,2,1,2,1,0,0,2,1,2,0,1,1,0,1,1,1,0,2,0,1,1,1,0,0,1,1,2,0,2,2,1,2,0,0,2,2,0,1,1,2,0,2,1,1,2,2,1,0,2,0,0,1,0,2,2,1,2,0,0,2,0,1,0,0,2,2,0,0,2,1,2,2,0,0]
-44.0:[2, 1, 1, 1, 2, 2, 0, 0, 2, 2, 1, 2, 1, 0, 0, 2, 1, 2, 0, 1, 1, 0, 1, 1, 1, 0, 2, 0, 1, 1, 1, 0, 0, 1, 1, 2, 0, 2, 2, 1, 2, 0, 0, 2, 2, 0, 1, 1, 2, 0, 2, 1, 1, 2, 2, 1, 0, 2, 0, 0, 1, 0, 2, 2, 1, 2, 0, 0, 2, 0, 1, 0, 0, 2, 2, 0, 0, 2, 1, 2, 2, 0, 0]
End Time: Seg Jul 4 17:17:48 BRT 2016 --- run in 1:48:21 ---

==> run_hypdp_cluster.sh.o198939 <==
Best: -47.0 	[0,0,2,0,1,0,0,2,1,1,0,0,2,2,1,2,1,1,0,1,1,1,0,0,1,1,2,2,1,0,0,1,2,1,2,2,0,0,1,0,1,1,0,1,2,1,1,2,0,0,2,2,1,1,2,2,0,0,2,2,1,0,0,1,2,1,1,0,0,1,2,0,0,2,2,0,0,2,2,1,1,2,1]
-47.0:[0, 0, 2, 0, 1, 0, 0, 2, 1, 1, 0, 0, 2, 2, 1, 2, 1, 1, 0, 1, 1, 1, 0, 0, 1, 1, 2, 2, 1, 0, 0, 1, 2, 1, 2, 2, 0, 0, 1, 0, 1, 1, 0, 1, 2, 1, 1, 2, 0, 0, 2, 2, 1, 1, 2, 2, 0, 0, 2, 2, 1, 0, 0, 1, 2, 1, 1, 0, 0, 1, 2, 0, 0, 2, 2, 0, 0, 2, 2, 1, 1, 2, 1]
End Time: Seg Jul 4 17:17:30 BRT 2016 --- run in 1:48:3 ---

==> run_hypdp_cluster.sh.o198940 <==
Best: -44.0 	[1,2,2,1,0,0,1,1,1,1,0,1,0,0,2,2,1,1,1,1,0,0,2,1,1,1,0,0,1,1,1,2,2,1,1,0,1,2,2,1,0,2,1,1,1,1,0,0,1,1,1,2,1,1,2,1,2,2,0,0,1,1,0,0,2,2,0,1,2,2,0,2,2,0,0,2,2,0,0,2,2,0,2]
-44.0:[1, 2, 2, 1, 0, 0, 1, 1, 1, 1, 0, 1, 0, 0, 2, 2, 1, 1, 1, 1, 0, 0, 2, 1, 1, 1, 0, 0, 1, 1, 1, 2, 2, 1, 1, 0, 1, 2, 2, 1, 0, 2, 1, 1, 1, 1, 0, 0, 1, 1, 1, 2, 1, 1, 2, 1, 2, 2, 0, 0, 1, 1, 0, 0, 2, 2, 0, 1, 2, 2, 0, 2, 2, 0, 0, 2, 2, 0, 0, 2, 2, 0, 2]
End Time: Seg Jul 4 17:18:53 BRT 2016 --- run in 1:49:26 ---

==> run_hypdp_cluster.sh.o198941 <==
Best: -43.0 	[0,0,2,2,1,2,1,1,2,0,1,1,0,0,1,2,0,1,1,1,2,1,2,2,0,0,2,2,0,1,2,0,0,1,0,1,2,1,2,0,2,0,0,1,2,0,0,2,2,1,1,1,2,1,2,2,0,0,1,2,0,0,1,0,2,2,1,2,1,1,0,2,2,0,1,1,1,1,0,2,2,0,1]
-43.0:[0, 0, 2, 2, 1, 2, 1, 1, 2, 0, 1, 1, 0, 0, 1, 2, 0, 1, 1, 1, 2, 1, 2, 2, 0, 0, 2, 2, 0, 1, 2, 0, 0, 1, 0, 1, 2, 1, 2, 0, 2, 0, 0, 1, 2, 0, 0, 2, 2, 1, 1, 1, 2, 1, 2, 2, 0, 0, 1, 2, 0, 0, 1, 0, 2, 2, 1, 2, 1, 1, 0, 2, 2, 0, 1, 1, 1, 1, 0, 2, 2, 0, 1]
End Time: Seg Jul 4 17:48:10 BRT 2016 --- run in 2:19:8 ---

==> run_hypdp_cluster.sh.o198942 <==
Best: -44.0 	[2,2,1,2,1,2,1,0,2,2,1,0,0,2,1,0,0,1,2,1,1,2,1,1,2,1,1,1,1,2,1,0,2,1,0,0,2,0,0,2,0,2,2,0,0,1,2,0,0,2,2,1,1,2,2,0,0,1,2,2,1,1,0,0,1,1,2,2,1,1,0,2,2,0,1,0,0,2,2,0,0,1,0]
-44.0:[2, 2, 1, 2, 1, 2, 1, 0, 2, 2, 1, 0, 0, 2, 1, 0, 0, 1, 2, 1, 1, 2, 1, 1, 2, 1, 1, 1, 1, 2, 1, 0, 2, 1, 0, 0, 2, 0, 0, 2, 0, 2, 2, 0, 0, 1, 2, 0, 0, 2, 2, 1, 1, 2, 2, 0, 0, 1, 2, 2, 1, 1, 0, 0, 1, 1, 2, 2, 1, 1, 0, 2, 2, 0, 1, 0, 0, 2, 2, 0, 0, 1, 0]
End Time: Seg Jul 4 17:17:25 BRT 2016 --- run in 1:47:58 ---

==> run_hypdp_cluster.sh.o198943 <==
Best: -44.0 	[0,1,1,1,0,1,1,0,0,1,2,1,2,2,0,0,2,2,1,1,0,1,0,0,2,1,1,1,0,0,2,1,2,2,0,2,1,1,1,2,2,0,0,2,2,0,0,2,0,1,1,1,0,1,0,0,2,1,2,2,0,0,2,2,1,2,0,0,1,0,2,0,0,2,2,1,2,0,2,0,0,1,0]
-44.0:[0, 1, 1, 1, 0, 1, 1, 0, 0, 1, 2, 1, 2, 2, 0, 0, 2, 2, 1, 1, 0, 1, 0, 0, 2, 1, 1, 1, 0, 0, 2, 1, 2, 2, 0, 2, 1, 1, 1, 2, 2, 0, 0, 2, 2, 0, 0, 2, 0, 1, 1, 1, 0, 1, 0, 0, 2, 1, 2, 2, 0, 0, 2, 2, 1, 2, 0, 0, 1, 0, 2, 0, 0, 2, 2, 1, 2, 0, 2, 0, 0, 1, 0]
End Time: Seg Jul 4 17:48:48 BRT 2016 --- run in 2:19:46 ---

==> run_hypdp_cluster.sh.o198944 <==
Best: -45.0 	[1,0,1,2,0,0,1,0,1,2,2,1,0,0,2,0,0,2,2,0,1,1,0,0,1,2,1,1,2,1,0,1,0,0,2,2,1,2,1,1,2,1,1,0,2,2,1,1,0,0,1,1,1,1,0,0,2,1,0,2,1,2,2,0,2,1,0,0,2,0,0,2,0,2,1,0,0,2,2,0,0,2,2]
-45.0:[1, 0, 1, 2, 0, 0, 1, 0, 1, 2, 2, 1, 0, 0, 2, 0, 0, 2, 2, 0, 1, 1, 0, 0, 1, 2, 1, 1, 2, 1, 0, 1, 0, 0, 2, 2, 1, 2, 1, 1, 2, 1, 1, 0, 2, 2, 1, 1, 0, 0, 1, 1, 1, 1, 0, 0, 2, 1, 0, 2, 1, 2, 2, 0, 2, 1, 0, 0, 2, 0, 0, 2, 0, 2, 1, 0, 0, 2, 2, 0, 0, 2, 2]
End Time: Seg Jul 4 17:19:41 BRT 2016 --- run in 1:50:14 ---

==> run_hypdp_cluster.sh.o198945 <==
Best: -45.0 	[2,1,0,2,1,2,2,0,0,2,2,1,2,0,0,1,2,1,0,1,2,1,2,1,1,2,1,0,0,2,2,0,0,1,0,1,2,1,2,2,0,0,2,2,1,1,1,1,2,0,0,1,1,0,0,2,1,1,1,1,2,2,1,1,1,0,1,0,0,2,2,0,0,2,2,0,0,1,2,0,0,2,1]
-45.0:[2, 1, 0, 2, 1, 2, 2, 0, 0, 2, 2, 1, 2, 0, 0, 1, 2, 1, 0, 1, 2, 1, 2, 1, 1, 2, 1, 0, 0, 2, 2, 0, 0, 1, 0, 1, 2, 1, 2, 2, 0, 0, 2, 2, 1, 1, 1, 1, 2, 0, 0, 1, 1, 0, 0, 2, 1, 1, 1, 1, 2, 2, 1, 1, 1, 0, 1, 0, 0, 2, 2, 0, 0, 2, 2, 0, 0, 1, 2, 0, 0, 2, 1]
End Time: Seg Jul 4 17:19:06 BRT 2016 --- run in 1:49:39 ---

==> run_hypdp_cluster.sh.o198946 <==
Best: -43.0 	[2,1,1,1,2,1,2,1,2,0,0,2,1,2,1,0,0,1,2,0,0,2,0,0,2,1,1,2,2,0,1,0,0,2,0,1,2,2,0,2,1,1,2,2,0,0,2,1,1,1,0,2,0,0,1,0,2,2,0,0,2,2,0,0,2,2,0,2,2,1,0,2,2,0,1,0,0,2,0,2,2,1,2]
-43.0:[2, 1, 1, 1, 2, 1, 2, 1, 2, 0, 0, 2, 1, 2, 1, 0, 0, 1, 2, 0, 0, 2, 0, 0, 2, 1, 1, 2, 2, 0, 1, 0, 0, 2, 0, 1, 2, 2, 0, 2, 1, 1, 2, 2, 0, 0, 2, 1, 1, 1, 0, 2, 0, 0, 1, 0, 2, 2, 0, 0, 2, 2, 0, 0, 2, 2, 0, 2, 2, 1, 0, 2, 2, 0, 1, 0, 0, 2, 0, 2, 2, 1, 2]
End Time: Seg Jul 4 17:48:47 BRT 2016 --- run in 2:19:45 ---

==> run_hypdp_cluster.sh.o198947 <==
Best: -46.0 	[2,2,1,1,0,0,1,1,1,1,0,0,2,1,2,2,0,1,1,1,0,0,2,0,0,2,2,1,0,0,2,1,0,2,2,1,0,0,2,2,1,2,1,1,2,0,0,2,0,2,2,0,1,0,0,2,0,1,1,0,2,2,1,2,1,1,1,0,0,1,2,0,0,2,2,0,0,1,2,0,0,2,2]
-46.0:[2, 2, 1, 1, 0, 0, 1, 1, 1, 1, 0, 0, 2, 1, 2, 2, 0, 1, 1, 1, 0, 0, 2, 0, 0, 2, 2, 1, 0, 0, 2, 1, 0, 2, 2, 1, 0, 0, 2, 2, 1, 2, 1, 1, 2, 0, 0, 2, 0, 2, 2, 0, 1, 0, 0, 2, 0, 1, 1, 0, 2, 2, 1, 2, 1, 1, 1, 0, 0, 1, 2, 0, 0, 2, 2, 0, 0, 1, 2, 0, 0, 2, 2]
End Time: Seg Jul 4 17:16:14 BRT 2016 --- run in 1:46:47 ---

==> run_hypdp_cluster.sh.o198948 <==
Best: -46.0 	[0,1,1,0,1,0,0,2,2,0,1,1,0,0,2,2,0,2,2,0,0,1,1,0,0,2,2,0,1,0,0,2,2,1,1,1,1,2,1,2,2,0,1,0,0,2,0,2,2,0,0,2,2,1,2,0,2,2,0,0,1,0,1,2,2,1,0,1,1,0,2,0,0,2,1,0,0,1,1,2,2,1,1]
-46.0:[0, 1, 1, 0, 1, 0, 0, 2, 2, 0, 1, 1, 0, 0, 2, 2, 0, 2, 2, 0, 0, 1, 1, 0, 0, 2, 2, 0, 1, 0, 0, 2, 2, 1, 1, 1, 1, 2, 1, 2, 2, 0, 1, 0, 0, 2, 0, 2, 2, 0, 0, 2, 2, 1, 2, 0, 2, 2, 0, 0, 1, 0, 1, 2, 2, 1, 0, 1, 1, 0, 2, 0, 0, 2, 1, 0, 0, 1, 1, 2, 2, 1, 1]
End Time: Seg Jul 4 17:48:28 BRT 2016 --- run in 2:19:26 ---

==> run_hypdp_cluster.sh.o198949 <==
Best: -47.0 	[0,0,2,0,1,1,0,1,0,0,2,2,1,0,1,1,0,1,1,1,2,2,1,1,1,1,2,1,0,0,1,2,2,1,1,1,0,2,2,1,2,1,0,0,1,2,0,0,2,0,0,2,1,2,2,0,1,2,2,0,0,2,2,1,0,0,2,0,1,0,2,0,0,2,2,0,0,2,2,0,0,2,2]
-47.0:[0, 0, 2, 0, 1, 1, 0, 1, 0, 0, 2, 2, 1, 0, 1, 1, 0, 1, 1, 1, 2, 2, 1, 1, 1, 1, 2, 1, 0, 0, 1, 2, 2, 1, 1, 1, 0, 2, 2, 1, 2, 1, 0, 0, 1, 2, 0, 0, 2, 0, 0, 2, 1, 2, 2, 0, 1, 2, 2, 0, 0, 2, 2, 1, 0, 0, 2, 0, 1, 0, 2, 0, 0, 2, 2, 0, 0, 2, 2, 0, 0, 2, 2]
End Time: Seg Jul 4 17:21:43 BRT 2016 --- run in 1:52:16 ---

==> run_hypdp_cluster.sh.o198950 <==
Best: -44.0 	[2,2,1,1,0,0,2,0,0,2,2,0,1,1,1,1,0,2,0,1,1,0,0,1,2,0,2,2,0,0,2,2,1,2,1,1,0,1,0,0,2,1,1,1,1,2,2,1,1,0,1,2,0,0,1,2,0,0,2,0,0,1,2,2,1,1,1,1,1,2,2,1,1,0,0,2,2,1,0,2,1,1,2]
-44.0:[2, 2, 1, 1, 0, 0, 2, 0, 0, 2, 2, 0, 1, 1, 1, 1, 0, 2, 0, 1, 1, 0, 0, 1, 2, 0, 2, 2, 0, 0, 2, 2, 1, 2, 1, 1, 0, 1, 0, 0, 2, 1, 1, 1, 1, 2, 2, 1, 1, 0, 1, 2, 0, 0, 1, 2, 0, 0, 2, 0, 0, 1, 2, 2, 1, 1, 1, 1, 1, 2, 2, 1, 1, 0, 0, 2, 2, 1, 0, 2, 1, 1, 2]
End Time: Seg Jul 4 17:16:09 BRT 2016 --- run in 1:46:42 ---

==> run_hypdp_cluster.sh.o198951 <==
Best: -44.0 	[2,1,1,1,2,2,1,1,0,1,0,0,2,2,1,2,1,1,1,1,1,2,2,1,1,0,0,2,1,0,0,1,2,1,1,2,0,2,2,1,2,0,0,1,2,0,2,2,0,1,1,1,1,0,0,1,1,1,2,2,1,0,1,0,0,2,1,0,2,1,1,1,1,1,1,0,0,1,1,2,0,0,2]
-44.0:[2, 1, 1, 1, 2, 2, 1, 1, 0, 1, 0, 0, 2, 2, 1, 2, 1, 1, 1, 1, 1, 2, 2, 1, 1, 0, 0, 2, 1, 0, 0, 1, 2, 1, 1, 2, 0, 2, 2, 1, 2, 0, 0, 1, 2, 0, 2, 2, 0, 1, 1, 1, 1, 0, 0, 1, 1, 1, 2, 2, 1, 0, 1, 0, 0, 2, 1, 0, 2, 1, 1, 1, 1, 1, 1, 0, 0, 1, 1, 2, 0, 0, 2]
End Time: Seg Jul 4 17:20:43 BRT 2016 --- run in 1:51:16 ---

==> run_hypdp_cluster.sh.o198952 <==
Best: -44.0 	[2,2,0,2,1,2,2,0,1,1,2,2,0,0,2,0,0,1,2,0,2,1,2,1,2,1,0,1,2,0,1,0,0,2,2,1,0,2,2,1,2,0,1,2,1,1,0,2,0,0,2,1,1,0,0,1,2,2,0,0,1,0,1,2,2,1,1,2,1,1,0,2,2,1,1,0,0,1,1,2,1,2,2]
-44.0:[2, 2, 0, 2, 1, 2, 2, 0, 1, 1, 2, 2, 0, 0, 2, 0, 0, 1, 2, 0, 2, 1, 2, 1, 2, 1, 0, 1, 2, 0, 1, 0, 0, 2, 2, 1, 0, 2, 2, 1, 2, 0, 1, 2, 1, 1, 0, 2, 0, 0, 2, 1, 1, 0, 0, 1, 2, 2, 0, 0, 1, 0, 1, 2, 2, 1, 1, 2, 1, 1, 0, 2, 2, 1, 1, 0, 0, 1, 1, 2, 1, 2, 2]
End Time: Seg Jul 4 17:49:20 BRT 2016 --- run in 2:20:18 ---

==> run_hypdp_cluster.sh.o198953 <==
Best: -44.0 	[1,2,1,1,2,2,1,0,1,2,1,0,0,2,2,0,0,2,1,1,1,0,0,1,1,2,0,0,2,1,2,2,0,0,1,0,2,2,1,2,1,1,1,2,0,0,1,0,1,1,1,1,2,1,2,2,0,0,2,2,0,1,0,0,2,2,1,0,0,2,1,0,0,1,2,0,2,1,1,2,2,1,0]
-44.0:[1, 2, 1, 1, 2, 2, 1, 0, 1, 2, 1, 0, 0, 2, 2, 0, 0, 2, 1, 1, 1, 0, 0, 1, 1, 2, 0, 0, 2, 1, 2, 2, 0, 0, 1, 0, 2, 2, 1, 2, 1, 1, 1, 2, 0, 0, 1, 0, 1, 1, 1, 1, 2, 1, 2, 2, 0, 0, 2, 2, 0, 1, 0, 0, 2, 2, 1, 0, 0, 2, 1, 0, 0, 1, 2, 0, 2, 1, 1, 2, 2, 1, 0]
End Time: Seg Jul 4 17:49:03 BRT 2016 --- run in 2:20:1 ---

==> run_hypdp_cluster.sh.o198954 <==
Best: -44.0 	[0,1,1,1,0,0,1,1,2,1,1,0,1,0,0,2,2,1,2,0,0,1,1,1,0,0,1,2,2,1,1,2,0,0,1,2,1,1,0,1,0,1,0,2,1,0,2,2,1,2,1,0,1,2,2,0,1,0,0,2,2,1,2,1,1,1,0,0,1,1,2,0,0,2,1,0,0,2,2,0,0,2,2]
-44.0:[0, 1, 1, 1, 0, 0, 1, 1, 2, 1, 1, 0, 1, 0, 0, 2, 2, 1, 2, 0, 0, 1, 1, 1, 0, 0, 1, 2, 2, 1, 1, 2, 0, 0, 1, 2, 1, 1, 0, 1, 0, 1, 0, 2, 1, 0, 2, 2, 1, 2, 1, 0, 1, 2, 2, 0, 1, 0, 0, 2, 2, 1, 2, 1, 1, 1, 0, 0, 1, 1, 2, 0, 0, 2, 1, 0, 0, 2, 2, 0, 0, 2, 2]
End Time: Seg Jul 4 17:17:10 BRT 2016 --- run in 1:47:43 ---

==> run_hypdp_cluster.sh.o198955 <==
Best: -44.0 	[1,2,0,2,2,0,2,1,2,2,0,0,1,0,2,1,2,2,0,1,1,0,0,1,2,0,1,1,0,2,0,0,2,2,0,1,1,2,2,1,1,1,0,0,1,1,2,2,1,1,0,2,2,0,2,2,0,0,2,0,2,1,1,1,1,0,1,1,1,0,0,1,1,2,1,1,1,1,2,0,0,1,0]
-44.0:[1, 2, 0, 2, 2, 0, 2, 1, 2, 2, 0, 0, 1, 0, 2, 1, 2, 2, 0, 1, 1, 0, 0, 1, 2, 0, 1, 1, 0, 2, 0, 0, 2, 2, 0, 1, 1, 2, 2, 1, 1, 1, 0, 0, 1, 1, 2, 2, 1, 1, 0, 2, 2, 0, 2, 2, 0, 0, 2, 0, 2, 1, 1, 1, 1, 0, 1, 1, 1, 0, 0, 1, 1, 2, 1, 1, 1, 1, 2, 0, 0, 1, 0]
End Time: Seg Jul 4 17:16:52 BRT 2016 --- run in 1:47:25 ---

==> run_hypdp_cluster.sh.o198956 <==
Best: -43.0 	[2,2,1,2,1,1,2,2,0,0,2,2,1,1,1,2,1,1,1,2,0,0,2,0,0,2,0,0,2,2,0,0,2,2,0,0,2,1,2,1,2,1,1,1,1,1,1,0,0,1,1,2,1,1,0,0,2,0,0,2,2,1,1,2,2,0,0,2,2,1,0,0,1,1,1,0,0,2,2,0,0,2,1]
-43.0:[2, 2, 1, 2, 1, 1, 2, 2, 0, 0, 2, 2, 1, 1, 1, 2, 1, 1, 1, 2, 0, 0, 2, 0, 0, 2, 0, 0, 2, 2, 0, 0, 2, 2, 0, 0, 2, 1, 2, 1, 2, 1, 1, 1, 1, 1, 1, 0, 0, 1, 1, 2, 1, 1, 0, 0, 2, 0, 0, 2, 2, 1, 1, 2, 2, 0, 0, 2, 2, 1, 0, 0, 1, 1, 1, 0, 0, 2, 2, 0, 0, 2, 1]
End Time: Seg Jul 4 17:21:30 BRT 2016 --- run in 1:52:3 ---

==> run_hypdp_cluster.sh.o198957 <==
Best: -45.0 	[1,2,0,1,2,2,1,0,2,1,1,2,2,1,0,0,1,2,1,1,0,0,2,1,0,0,1,2,2,1,0,0,1,2,2,1,0,1,0,0,2,1,1,2,2,1,0,0,1,1,1,1,2,1,1,2,2,1,0,0,1,2,2,1,0,1,1,1,0,0,2,0,0,2,2,1,0,1,2,0,0,2,2]
-45.0:[1, 2, 0, 1, 2, 2, 1, 0, 2, 1, 1, 2, 2, 1, 0, 0, 1, 2, 1, 1, 0, 0, 2, 1, 0, 0, 1, 2, 2, 1, 0, 0, 1, 2, 2, 1, 0, 1, 0, 0, 2, 1, 1, 2, 2, 1, 0, 0, 1, 1, 1, 1, 2, 1, 1, 2, 2, 1, 0, 0, 1, 2, 2, 1, 0, 1, 1, 1, 0, 0, 2, 0, 0, 2, 2, 1, 0, 1, 2, 0, 0, 2, 2]
End Time: Seg Jul 4 17:48:33 BRT 2016 --- run in 2:19:31 ---

==> run_hypdp_cluster.sh.o198958 <==
Best: -46.0 	[1,0,0,1,2,2,1,1,2,1,1,2,0,2,2,0,0,2,2,1,1,0,0,1,1,2,0,1,0,0,2,1,2,2,0,2,0,1,0,1,0,1,2,0,1,2,2,1,1,2,0,0,1,0,1,1,1,1,2,0,1,1,2,2,1,1,1,1,0,0,2,0,0,2,2,0,0,2,1,0,1,2,1]
-46.0:[1, 0, 0, 1, 2, 2, 1, 1, 2, 1, 1, 2, 0, 2, 2, 0, 0, 2, 2, 1, 1, 0, 0, 1, 1, 2, 0, 1, 0, 0, 2, 1, 2, 2, 0, 2, 0, 1, 0, 1, 0, 1, 2, 0, 1, 2, 2, 1, 1, 2, 0, 0, 1, 0, 1, 1, 1, 1, 2, 0, 1, 1, 2, 2, 1, 1, 1, 1, 0, 0, 2, 0, 0, 2, 2, 0, 0, 2, 1, 0, 1, 2, 1]
End Time: Seg Jul 4 19:01:19 BRT 2016 --- run in 1:45:7 ---
