==> run_hypdp_cluster.sh.o199229 <==
Best: -31.0 	[1,1,2,0,0,2,0,1,0,0,2,1,2,2,0,2,1,1,2,1,1,0,1,1,1,0,0,2,2,0,0,1,0,1,2,2,1,1,0,1,1,2,0,1,2,2,1,1,2,0,1,1,0,0,1,2,2,1]
-31.0:[1, 1, 2, 0, 0, 2, 0, 1, 0, 0, 2, 1, 2, 2, 0, 2, 1, 1, 2, 1, 1, 0, 1, 1, 1, 0, 0, 2, 2, 0, 0, 1, 0, 1, 2, 2, 1, 1, 0, 1, 1, 2, 0, 1, 2, 2, 1, 1, 2, 0, 1, 1, 0, 0, 1, 2, 2, 1]
End Time: Ter Jul 5 09:34:16 BRT 2016 --- run in 1:46:19 ---

==> run_hypdp_cluster.sh.o199230 <==
Best: -32.0 	[1,1,1,1,0,1,1,0,0,1,2,1,1,2,1,2,2,0,0,1,1,0,0,2,2,1,2,0,1,2,2,1,0,1,0,2,2,1,2,1,0,0,1,2,0,0,1,2,0,0,2,2,1,2,1,1,2,0]
-32.0:[1, 1, 1, 1, 0, 1, 1, 0, 0, 1, 2, 1, 1, 2, 1, 2, 2, 0, 0, 1, 1, 0, 0, 2, 2, 1, 2, 0, 1, 2, 2, 1, 0, 1, 0, 2, 2, 1, 2, 1, 0, 0, 1, 2, 0, 0, 1, 2, 0, 0, 2, 2, 1, 2, 1, 1, 2, 0]
End Time: Ter Jul 5 09:38:44 BRT 2016 --- run in 1:47:32 ---

==> run_hypdp_cluster.sh.o199231 <==
Best: -32.0 	[0,1,0,1,2,2,1,0,0,1,2,1,1,2,1,2,2,0,0,1,2,0,0,1,0,2,2,1,1,1,2,1,1,2,2,1,0,0,1,1,2,1,0,0,1,1,0,2,1,0,1,1,2,2,1,0,1,2]
-32.0:[0, 1, 0, 1, 2, 2, 1, 0, 0, 1, 2, 1, 1, 2, 1, 2, 2, 0, 0, 1, 2, 0, 0, 1, 0, 2, 2, 1, 1, 1, 2, 1, 1, 2, 2, 1, 0, 0, 1, 1, 2, 1, 0, 0, 1, 1, 0, 2, 1, 0, 1, 1, 2, 2, 1, 0, 1, 2]
End Time: Ter Jul 5 09:39:55 BRT 2016 --- run in 1:47:58 ---

==> run_hypdp_cluster.sh.o199232 <==
Best: -31.0 	[2,1,0,2,2,1,2,1,0,1,2,2,0,0,1,0,1,1,0,1,2,2,1,1,2,0,0,1,0,1,1,1,1,1,1,2,2,1,1,1,1,0,1,1,0,0,1,2,2,0,0,2,2,0,0,2,2,1]
-31.0:[2, 1, 0, 2, 2, 1, 2, 1, 0, 1, 2, 2, 0, 0, 1, 0, 1, 1, 0, 1, 2, 2, 1, 1, 2, 0, 0, 1, 0, 1, 1, 1, 1, 1, 1, 2, 2, 1, 1, 1, 1, 0, 1, 1, 0, 0, 1, 2, 2, 0, 0, 2, 2, 0, 0, 2, 2, 1]
End Time: Ter Jul 5 09:40:50 BRT 2016 --- run in 1:48:23 ---

==> run_hypdp_cluster.sh.o199233 <==
Best: -33.0 	[0,0,1,1,2,2,1,1,1,1,1,1,1,0,1,0,0,2,1,1,1,2,2,1,1,0,1,1,1,0,0,2,0,0,2,2,1,1,0,1,2,1,1,1,2,2,1,1,0,0,2,2,1,1,0,1,2,0]
-33.0:[0, 0, 1, 1, 2, 2, 1, 1, 1, 1, 1, 1, 1, 0, 1, 0, 0, 2, 1, 1, 1, 2, 2, 1, 1, 0, 1, 1, 1, 0, 0, 2, 0, 0, 2, 2, 1, 1, 0, 1, 2, 1, 1, 1, 2, 2, 1, 1, 0, 0, 2, 2, 1, 1, 0, 1, 2, 0]
End Time: Ter Jul 5 09:41:40 BRT 2016 --- run in 1:47:58 ---

==> run_hypdp_cluster.sh.o199234 <==
Best: -32.0 	[1,1,1,2,0,0,2,0,0,1,1,1,1,1,2,2,1,1,1,1,0,0,1,1,1,2,2,1,1,1,1,1,1,1,2,2,1,1,0,0,1,1,1,2,1,2,2,0,1,0,0,2,1,2,2,0,0,2]
-32.0:[1, 1, 1, 2, 0, 0, 2, 0, 0, 1, 1, 1, 1, 1, 2, 2, 1, 1, 1, 1, 0, 0, 1, 1, 1, 2, 2, 1, 1, 1, 1, 1, 1, 1, 2, 2, 1, 1, 0, 0, 1, 1, 1, 2, 1, 2, 2, 0, 1, 0, 0, 2, 1, 2, 2, 0, 0, 2]
End Time: Ter Jul 5 09:42:53 BRT 2016 --- run in 1:48:56 ---

==> run_hypdp_cluster.sh.o199235 <==
Best: -31.0 	[0,1,1,1,0,1,0,0,2,1,2,2,0,1,1,2,1,2,2,0,0,1,2,0,0,1,0,2,2,1,2,1,0,0,2,2,1,2,1,0,1,1,1,1,2,2,1,1,1,0,0,1,2,1,1,0,0,1]
-31.0:[0, 1, 1, 1, 0, 1, 0, 0, 2, 1, 2, 2, 0, 1, 1, 2, 1, 2, 2, 0, 0, 1, 2, 0, 0, 1, 0, 2, 2, 1, 2, 1, 0, 0, 2, 2, 1, 2, 1, 0, 1, 1, 1, 1, 2, 2, 1, 1, 1, 0, 0, 1, 2, 1, 1, 0, 0, 1]
End Time: Ter Jul 5 09:44:49 BRT 2016 --- run in 1:49:22 ---

==> run_hypdp_cluster.sh.o199236 <==
Best: -31.0 	[1,0,0,1,2,2,1,0,0,1,2,2,1,1,2,1,1,1,0,1,0,0,2,2,0,1,2,1,1,1,2,1,2,2,0,1,0,0,2,2,0,0,2,0,1,1,0,0,1,2,2,1,1,0,0,2,2,1]
-31.0:[1, 0, 0, 1, 2, 2, 1, 0, 0, 1, 2, 2, 1, 1, 2, 1, 1, 1, 0, 1, 0, 0, 2, 2, 0, 1, 2, 1, 1, 1, 2, 1, 2, 2, 0, 1, 0, 0, 2, 2, 0, 0, 2, 0, 1, 1, 0, 0, 1, 2, 2, 1, 1, 0, 0, 2, 2, 1]
End Time: Ter Jul 5 09:44:13 BRT 2016 --- run in 1:48:31 ---

==> run_hypdp_cluster.sh.o199237 <==
Best: -32.0 	[2,1,1,2,0,0,1,1,2,2,1,1,0,0,2,0,0,2,2,1,0,0,1,2,2,0,0,2,1,0,0,1,1,1,2,1,1,0,0,2,2,1,1,1,2,2,1,0,1,2,1,1,0,1,1,0,0,1]
-32.0:[2, 1, 1, 2, 0, 0, 1, 1, 2, 2, 1, 1, 0, 0, 2, 0, 0, 2, 2, 1, 0, 0, 1, 2, 2, 0, 0, 2, 1, 0, 0, 1, 1, 1, 2, 1, 1, 0, 0, 2, 2, 1, 1, 1, 2, 2, 1, 0, 1, 2, 1, 1, 0, 1, 1, 0, 0, 1]
End Time: Ter Jul 5 09:46:07 BRT 2016 --- run in 1:49:40 ---

==> run_hypdp_cluster.sh.o199238 <==
Best: -33.0 	[1,0,2,1,2,2,0,0,2,2,0,0,1,1,2,2,1,1,0,0,1,2,2,0,0,2,2,1,1,1,2,2,1,0,0,1,2,2,0,1,1,1,0,1,0,0,2,1,2,0,1,1,2,2,1,0,0,1]
-33.0:[1, 0, 2, 1, 2, 2, 0, 0, 2, 2, 0, 0, 1, 1, 2, 2, 1, 1, 0, 0, 1, 2, 2, 0, 0, 2, 2, 1, 1, 1, 2, 2, 1, 0, 0, 1, 2, 2, 0, 1, 1, 1, 0, 1, 0, 0, 2, 1, 2, 0, 1, 1, 2, 2, 1, 0, 0, 1]
End Time: Ter Jul 5 09:47:01 BRT 2016 --- run in 1:50:4 ---

==> run_hypdp_cluster.sh.o199239 <==
Best: -32.0 	[2,0,0,1,2,2,0,2,2,0,2,1,1,0,0,1,1,2,2,0,0,1,2,0,1,1,0,2,0,0,1,0,2,2,0,2,1,2,2,0,0,2,1,1,0,0,1,1,1,2,2,0,1,0,0,2,2,0]
-32.0:[2, 0, 0, 1, 2, 2, 0, 2, 2, 0, 2, 1, 1, 0, 0, 1, 1, 2, 2, 0, 0, 1, 2, 0, 1, 1, 0, 2, 0, 0, 1, 0, 2, 2, 0, 2, 1, 2, 2, 0, 0, 2, 1, 1, 0, 0, 1, 1, 1, 2, 2, 0, 1, 0, 0, 2, 2, 0]
End Time: Ter Jul 5 09:45:07 BRT 2016 --- run in 1:47:25 ---

==> run_hypdp_cluster.sh.o199240 <==
Best: -31.0 	[0,0,2,1,1,2,1,2,2,0,0,2,1,0,0,1,1,1,2,2,1,1,1,0,1,1,1,0,1,1,0,1,0,0,2,2,1,2,1,1,2,1,1,1,0,0,1,1,1,1,1,1,2,0,0,2,2,0]
-31.0:[0, 0, 2, 1, 1, 2, 1, 2, 2, 0, 0, 2, 1, 0, 0, 1, 1, 1, 2, 2, 1, 1, 1, 0, 1, 1, 1, 0, 1, 1, 0, 1, 0, 0, 2, 2, 1, 2, 1, 1, 2, 1, 1, 1, 0, 0, 1, 1, 1, 1, 1, 1, 2, 0, 0, 2, 2, 0]
End Time: Ter Jul 5 10:14:25 BRT 2016 --- run in 1:49:28 ---

==> run_hypdp_cluster.sh.o199241 <==
Best: -32.0 	[0,2,2,1,0,0,1,2,2,1,1,2,0,0,1,0,2,0,0,2,2,1,0,0,1,2,2,1,1,1,2,2,0,1,2,0,0,1,0,1,2,0,2,1,1,2,2,1,0,2,0,0,2,2,0,2,2,0]
-32.0:[0, 2, 2, 1, 0, 0, 1, 2, 2, 1, 1, 2, 0, 0, 1, 0, 2, 0, 0, 2, 2, 1, 0, 0, 1, 2, 2, 1, 1, 1, 2, 2, 0, 1, 2, 0, 0, 1, 0, 1, 2, 0, 2, 1, 1, 2, 2, 1, 0, 2, 0, 0, 2, 2, 0, 2, 2, 0]
End Time: Ter Jul 5 10:55:21 BRT 2016 --- run in 2:29:4 ---

==> run_hypdp_cluster.sh.o199242 <==
Best: -31.0 	[1,0,1,1,2,2,1,1,0,0,1,1,1,2,2,1,1,1,1,1,2,2,0,0,1,1,1,1,0,1,0,0,2,1,2,2,0,1,0,0,2,2,1,0,0,1,2,2,0,0,2,2,1,2,1,0,0,1]
-31.0:[1, 0, 1, 1, 2, 2, 1, 1, 0, 0, 1, 1, 1, 2, 2, 1, 1, 1, 1, 1, 2, 2, 0, 0, 1, 1, 1, 1, 0, 1, 0, 0, 2, 1, 2, 2, 0, 1, 0, 0, 2, 2, 1, 0, 0, 1, 2, 2, 0, 0, 2, 2, 1, 2, 1, 0, 0, 1]
End Time: Ter Jul 5 10:47:34 BRT 2016 --- run in 1:45:37 ---

==> run_hypdp_cluster.sh.o199243 <==
Best: -31.0 	[1,0,1,2,2,1,1,2,0,1,1,0,1,1,0,0,1,2,2,1,1,0,1,2,2,0,0,1,1,0,1,0,2,0,1,2,2,1,1,2,0,2,1,0,1,0,0,2,2,0,0,1,2,2,1,0,0,1]
-31.0:[1, 0, 1, 2, 2, 1, 1, 2, 0, 1, 1, 0, 1, 1, 0, 0, 1, 2, 2, 1, 1, 0, 1, 2, 2, 0, 0, 1, 1, 0, 1, 0, 2, 0, 1, 2, 2, 1, 1, 2, 0, 2, 1, 0, 1, 0, 0, 2, 2, 0, 0, 1, 2, 2, 1, 0, 0, 1]
End Time: Ter Jul 5 11:16:08 BRT 2016 --- run in 1:45:26 ---

==> run_hypdp_cluster.sh.o199244 <==
Best: -33.0 	[2,2,1,1,0,0,1,1,2,2,1,1,1,0,1,0,0,2,2,0,0,2,2,0,1,1,2,0,2,2,1,2,0,1,1,0,0,1,2,2,1,0,0,2,2,1,2,1,1,1,0,0,2,0,0,2,2,1]
-33.0:[2, 2, 1, 1, 0, 0, 1, 1, 2, 2, 1, 1, 1, 0, 1, 0, 0, 2, 2, 0, 0, 2, 2, 0, 1, 1, 2, 0, 2, 2, 1, 2, 0, 1, 1, 0, 0, 1, 2, 2, 1, 0, 0, 2, 2, 1, 2, 1, 1, 1, 0, 0, 2, 0, 0, 2, 2, 1]
End Time: Ter Jul 5 11:17:32 BRT 2016 --- run in 1:46:4 ---

==> run_hypdp_cluster.sh.o199245 <==
Best: -31.0 	[1,0,1,2,2,1,1,1,0,0,2,2,0,1,1,0,0,1,2,1,1,2,2,1,0,0,1,1,1,0,1,0,2,0,1,1,2,2,1,1,1,2,0,0,2,0,0,1,1,2,2,1,0,0,1,2,2,1]
-31.0:[1, 0, 1, 2, 2, 1, 1, 1, 0, 0, 2, 2, 0, 1, 1, 0, 0, 1, 2, 1, 1, 2, 2, 1, 0, 0, 1, 1, 1, 0, 1, 0, 2, 0, 1, 1, 2, 2, 1, 1, 1, 2, 0, 0, 2, 0, 0, 1, 1, 2, 2, 1, 0, 0, 1, 2, 2, 1]
End Time: Ter Jul 5 11:17:33 BRT 2016 --- run in 1:46:5 ---

==> run_hypdp_cluster.sh.o199246 <==
Best: -33.0 	[1,1,1,1,0,1,1,0,0,1,2,1,1,2,2,1,0,1,1,2,2,0,0,1,0,2,2,1,1,2,2,0,1,1,1,1,0,0,1,1,1,2,1,1,2,2,1,0,0,2,2,0,1,2,1,0,0,1]
-33.0:[1, 1, 1, 1, 0, 1, 1, 0, 0, 1, 2, 1, 1, 2, 2, 1, 0, 1, 1, 2, 2, 0, 0, 1, 0, 2, 2, 1, 1, 2, 2, 0, 1, 1, 1, 1, 0, 0, 1, 1, 1, 2, 1, 1, 2, 2, 1, 0, 0, 2, 2, 0, 1, 2, 1, 0, 0, 1]
End Time: Ter Jul 5 11:18:30 BRT 2016 --- run in 1:46:33 ---

==> run_hypdp_cluster.sh.o199247 <==
Best: -33.0 	[1,0,1,1,2,2,1,1,0,0,1,1,1,1,2,2,1,1,1,1,0,0,1,1,1,1,2,1,1,2,1,1,2,2,1,0,0,1,1,1,1,1,1,1,2,2,1,1,0,1,0,0,2,2,1,2,1,0]
-33.0:[1, 0, 1, 1, 2, 2, 1, 1, 0, 0, 1, 1, 1, 1, 2, 2, 1, 1, 1, 1, 0, 0, 1, 1, 1, 1, 2, 1, 1, 2, 1, 1, 2, 2, 1, 0, 0, 1, 1, 1, 1, 1, 1, 1, 2, 2, 1, 1, 0, 1, 0, 0, 2, 2, 1, 2, 1, 0]
End Time: Ter Jul 5 11:18:57 BRT 2016 --- run in 1:46:30 ---

==> run_hypdp_cluster.sh.o199248 <==
Best: -31.0 	[2,1,2,1,0,0,1,1,0,1,2,1,1,1,2,2,0,2,2,0,0,1,0,1,2,1,1,1,2,2,1,1,0,0,1,1,2,1,2,2,0,0,1,1,2,2,1,1,0,0,1,1,1,2,1,0,0,2]
-31.0:[2, 1, 2, 1, 0, 0, 1, 1, 0, 1, 2, 1, 1, 1, 2, 2, 0, 2, 2, 0, 0, 1, 0, 1, 2, 1, 1, 1, 2, 2, 1, 1, 0, 0, 1, 1, 2, 1, 2, 2, 0, 0, 1, 1, 2, 2, 1, 1, 0, 0, 1, 1, 1, 2, 1, 0, 0, 2]
End Time: Ter Jul 5 11:20:03 BRT 2016 --- run in 1:45:36 ---

==> run_hypdp_cluster.sh.o199249 <==
Best: -32.0 	[1,0,1,1,2,1,1,2,2,1,0,1,1,2,0,0,1,0,1,1,2,2,1,1,0,1,1,1,1,0,0,1,1,1,2,2,0,0,2,2,0,0,2,2,1,1,2,2,0,1,1,0,1,0,0,2,2,1]
-32.0:[1, 0, 1, 1, 2, 1, 1, 2, 2, 1, 0, 1, 1, 2, 0, 0, 1, 0, 1, 1, 2, 2, 1, 1, 0, 1, 1, 1, 1, 0, 0, 1, 1, 1, 2, 2, 0, 0, 2, 2, 0, 0, 2, 2, 1, 1, 2, 2, 0, 1, 1, 0, 1, 0, 0, 2, 2, 1]
End Time: Ter Jul 5 11:26:32 BRT 2016 --- run in 1:47:35 ---

==> run_hypdp_cluster.sh.o199250 <==
Best: -32.0 	[2,2,0,1,1,0,0,1,2,2,1,1,1,0,1,0,0,2,1,1,2,2,1,0,2,0,0,2,0,1,0,0,2,2,1,0,2,0,0,2,2,1,1,1,2,2,1,0,0,2,2,1,0,2,0,0,2,1]
-32.0:[2, 2, 0, 1, 1, 0, 0, 1, 2, 2, 1, 1, 1, 0, 1, 0, 0, 2, 1, 1, 2, 2, 1, 0, 2, 0, 0, 2, 0, 1, 0, 0, 2, 2, 1, 0, 2, 0, 0, 2, 2, 1, 1, 1, 2, 2, 1, 0, 0, 2, 2, 1, 0, 2, 0, 0, 2, 1]
End Time: Ter Jul 5 11:28:35 BRT 2016 --- run in 1:48:38 ---

==> run_hypdp_cluster.sh.o199251 <==
Best: -32.0 	[2,2,0,1,0,0,2,1,0,0,2,2,0,2,2,1,1,1,2,1,0,1,1,1,1,0,1,1,1,0,0,2,1,0,0,1,2,2,1,1,2,1,1,1,1,0,0,1,1,2,2,1,0,0,1,2,2,1]
-32.0:[2, 2, 0, 1, 0, 0, 2, 1, 0, 0, 2, 2, 0, 2, 2, 1, 1, 1, 2, 1, 0, 1, 1, 1, 1, 0, 1, 1, 1, 0, 0, 2, 1, 0, 0, 1, 2, 2, 1, 1, 2, 1, 1, 1, 1, 0, 0, 1, 1, 2, 2, 1, 0, 0, 1, 2, 2, 1]
End Time: Ter Jul 5 11:29:10 BRT 2016 --- run in 1:48:13 ---

==> run_hypdp_cluster.sh.o199252 <==
Best: -32.0 	[2,0,1,1,2,2,1,1,0,1,2,0,1,1,0,0,1,2,0,1,2,2,1,1,2,0,0,1,0,2,1,0,1,0,0,2,2,1,2,1,0,0,2,2,1,2,1,1,0,0,2,2,1,2,1,0,0,2]
-32.0:[2, 0, 1, 1, 2, 2, 1, 1, 0, 1, 2, 0, 1, 1, 0, 0, 1, 2, 0, 1, 2, 2, 1, 1, 2, 0, 0, 1, 0, 2, 1, 0, 1, 0, 0, 2, 2, 1, 2, 1, 0, 0, 2, 2, 1, 2, 1, 1, 0, 0, 2, 2, 1, 2, 1, 0, 0, 2]
End Time: Ter Jul 5 11:29:14 BRT 2016 --- run in 1:47:32 ---

==> run_hypdp_cluster.sh.o199253 <==
Best: -32.0 	[2,1,0,2,1,1,0,0,1,1,1,0,2,2,1,2,1,1,1,1,0,0,1,1,1,2,1,1,2,1,2,2,0,0,1,1,0,0,2,2,1,1,0,2,2,1,2,1,0,0,2,2,0,1,0,2,2,0]
-32.0:[2, 1, 0, 2, 1, 1, 0, 0, 1, 1, 1, 0, 2, 2, 1, 2, 1, 1, 1, 1, 0, 0, 1, 1, 1, 2, 1, 1, 2, 1, 2, 2, 0, 0, 1, 1, 0, 0, 2, 2, 1, 1, 0, 2, 2, 1, 2, 1, 0, 0, 2, 2, 0, 1, 0, 2, 2, 0]
End Time: Ter Jul 5 12:13:40 BRT 2016 --- run in 2:31:8 ---

==> run_hypdp_cluster.sh.o199254 <==
Best: -31.0 	[0,0,1,2,2,1,1,1,0,0,1,1,1,2,2,1,1,1,1,2,0,0,1,0,1,2,0,2,2,1,2,0,1,1,2,2,0,1,0,0,2,2,0,2,2,1,1,1,1,0,2,1,0,0,2,0,0,2]
-31.0:[0, 0, 1, 2, 2, 1, 1, 1, 0, 0, 1, 1, 1, 2, 2, 1, 1, 1, 1, 2, 0, 0, 1, 0, 1, 2, 0, 2, 2, 1, 2, 0, 1, 1, 2, 2, 0, 1, 0, 0, 2, 2, 0, 2, 2, 1, 1, 1, 1, 0, 2, 1, 0, 0, 2, 0, 0, 2]
End Time: Ter Jul 5 11:31:33 BRT 2016 --- run in 1:48:36 ---

==> run_hypdp_cluster.sh.o199255 <==
Best: -33.0 	[1,1,1,1,2,2,1,1,0,0,1,1,1,2,2,0,1,2,2,1,0,0,1,1,0,2,2,0,2,2,1,0,1,2,1,2,2,0,0,1,0,2,1,0,1,0,0,2,2,0,1,1,2,2,1,0,0,2]
-33.0:[1, 1, 1, 1, 2, 2, 1, 1, 0, 0, 1, 1, 1, 2, 2, 0, 1, 2, 2, 1, 0, 0, 1, 1, 0, 2, 2, 0, 2, 2, 1, 0, 1, 2, 1, 2, 2, 0, 0, 1, 0, 2, 1, 0, 1, 0, 0, 2, 2, 0, 1, 1, 2, 2, 1, 0, 0, 2]
End Time: Ter Jul 5 12:12:42 BRT 2016 --- run in 2:29:55 ---

==> run_hypdp_cluster.sh.o199256 <==
Best: -32.0 	[2,2,1,1,0,0,2,1,2,2,0,0,1,1,1,0,0,1,2,2,0,2,2,0,2,0,0,1,1,0,1,1,1,0,2,2,0,0,2,2,1,0,1,2,2,1,1,2,0,1,1,1,0,2,2,0,0,1]
-32.0:[2, 2, 1, 1, 0, 0, 2, 1, 2, 2, 0, 0, 1, 1, 1, 0, 0, 1, 2, 2, 0, 2, 2, 0, 2, 0, 0, 1, 1, 0, 1, 1, 1, 0, 2, 2, 0, 0, 2, 2, 1, 0, 1, 2, 2, 1, 1, 2, 0, 1, 1, 1, 0, 2, 2, 0, 0, 1]
End Time: Ter Jul 5 11:32:22 BRT 2016 --- run in 1:47:55 ---

==> run_hypdp_cluster.sh.o199257 <==
Best: -32.0 	[2,2,1,2,0,0,1,0,1,1,2,1,0,2,1,2,2,0,2,1,0,0,1,1,0,2,1,1,2,2,1,0,2,1,0,0,1,2,2,1,0,0,2,2,1,2,1,1,1,0,0,1,2,2,0,0,2,2]
-32.0:[2, 2, 1, 2, 0, 0, 1, 0, 1, 1, 2, 1, 0, 2, 1, 2, 2, 0, 2, 1, 0, 0, 1, 1, 0, 2, 1, 1, 2, 2, 1, 0, 2, 1, 0, 0, 1, 2, 2, 1, 0, 0, 2, 2, 1, 2, 1, 1, 1, 0, 0, 1, 2, 2, 0, 0, 2, 2]
End Time: Ter Jul 5 12:15:03 BRT 2016 --- run in 2:30:31 ---

==> run_hypdp_cluster.sh.o199258 <==
Best: -33.0 	[1,2,1,1,0,1,0,0,2,2,0,0,2,2,1,2,1,1,1,1,2,0,0,1,0,1,1,2,2,0,2,2,0,1,1,2,2,0,1,1,2,1,0,0,1,1,0,1,1,2,0,1,2,2,1,1,2,0]
-33.0:[1, 2, 1, 1, 0, 1, 0, 0, 2, 2, 0, 0, 2, 2, 1, 2, 1, 1, 1, 1, 2, 0, 0, 1, 0, 1, 1, 2, 2, 0, 2, 2, 0, 1, 1, 2, 2, 0, 1, 1, 2, 1, 0, 0, 1, 1, 0, 1, 1, 2, 0, 1, 2, 2, 1, 1, 2, 0]
End Time: Ter Jul 5 12:14:59 BRT 2016 --- run in 2:30:27 ---
