==> run_hypdp_cluster.sh.o199019 <==
Best: -38.0 	[2,0,0,1,2,2,1,1,1,2,0,0,2,0,1,0,0,2,1,1,2,2,1,0,2,1,0,1,1,1,0,0,1,1,2,1,0,2,2,0,2,2,1,1,0,0,1,2,1,0,2,1,2,1,0,1,1,1,0,0,2,2,1,1,1,0,0,1,2,0,0,2,1,2,2,0,2,0,0,2,0,2,0,2,2,1,2,0,2,0,1,1,2,2,1,0,0,2]
-38.0:[2, 0, 0, 1, 2, 2, 1, 1, 1, 2, 0, 0, 2, 0, 1, 0, 0, 2, 1, 1, 2, 2, 1, 0, 2, 1, 0, 1, 1, 1, 0, 0, 1, 1, 2, 1, 0, 2, 2, 0, 2, 2, 1, 1, 0, 0, 1, 2, 1, 0, 2, 1, 2, 1, 0, 1, 1, 1, 0, 0, 2, 2, 1, 1, 1, 0, 0, 1, 2, 0, 0, 2, 1, 2, 2, 0, 2, 0, 0, 2, 0, 2, 0, 2, 2, 1, 2, 0, 2, 0, 1, 1, 2, 2, 1, 0, 0, 2]
End Time: Seg Jul 4 18:15:40 BRT 2016 --- run in 0:26:23 ---

==> run_hypdp_cluster.sh.o199020 <==
Best: -35.0 	[1,0,0,2,2,0,1,2,1,1,2,2,1,0,0,2,2,0,0,2,0,0,1,2,1,0,0,2,2,0,0,2,0,2,0,1,0,2,2,0,2,2,1,0,2,2,0,0,1,2,2,0,0,1,0,1,1,0,2,2,1,0,0,1,1,2,2,1,1,1,1,1,1,0,0,2,0,0,2,1,2,1,0,1,0,0,2,2,1,2,0,0,2,1,0,2,1,2]
-35.0:[1, 0, 0, 2, 2, 0, 1, 2, 1, 1, 2, 2, 1, 0, 0, 2, 2, 0, 0, 2, 0, 0, 1, 2, 1, 0, 0, 2, 2, 0, 0, 2, 0, 2, 0, 1, 0, 2, 2, 0, 2, 2, 1, 0, 2, 2, 0, 0, 1, 2, 2, 0, 0, 1, 0, 1, 1, 0, 2, 2, 1, 0, 0, 1, 1, 2, 2, 1, 1, 1, 1, 1, 1, 0, 0, 2, 0, 0, 2, 1, 2, 1, 0, 1, 0, 0, 2, 2, 1, 2, 0, 0, 2, 1, 0, 2, 1, 2]
End Time: Seg Jul 4 18:02:47 BRT 2016 --- run in 0:13:15 ---

==> run_hypdp_cluster.sh.o199021 <==
Best: -36.0 	[0,1,2,1,0,1,0,0,2,2,0,0,1,1,2,2,1,1,1,0,0,1,1,2,2,1,1,1,1,1,1,2,2,0,0,2,2,0,0,1,2,1,1,1,1,1,2,2,0,0,1,1,2,1,1,2,0,2,2,0,0,2,2,0,1,1,2,0,0,2,2,0,1,2,2,1,1,1,1,1,0,0,1,2,2,1,1,2,1,0,1,1,2,2,1,1,1,1]
-36.0:[0, 1, 2, 1, 0, 1, 0, 0, 2, 2, 0, 0, 1, 1, 2, 2, 1, 1, 1, 0, 0, 1, 1, 2, 2, 1, 1, 1, 1, 1, 1, 2, 2, 0, 0, 2, 2, 0, 0, 1, 2, 1, 1, 1, 1, 1, 2, 2, 0, 0, 1, 1, 2, 1, 1, 2, 0, 2, 2, 0, 0, 2, 2, 0, 1, 1, 2, 0, 0, 2, 2, 0, 1, 2, 2, 1, 1, 1, 1, 1, 0, 0, 1, 2, 2, 1, 1, 2, 1, 0, 1, 1, 2, 2, 1, 1, 1, 1]
End Time: Seg Jul 4 18:00:53 BRT 2016 --- run in 0:10:56 ---

==> run_hypdp_cluster.sh.o199022 <==
Best: -38.0 	[1,0,0,1,2,2,1,0,0,1,2,2,1,1,1,1,2,2,1,0,0,1,1,0,1,1,1,2,2,1,1,0,1,2,0,1,2,2,1,1,2,0,0,2,1,0,1,2,1,0,2,0,0,2,1,0,0,1,1,2,2,0,0,1,1,2,2,0,0,2,1,1,1,2,2,1,1,0,0,1,2,2,1,0,2,2,1,0,0,1,2,1,0,0,2,1,1,2]
-38.0:[1, 0, 0, 1, 2, 2, 1, 0, 0, 1, 2, 2, 1, 1, 1, 1, 2, 2, 1, 0, 0, 1, 1, 0, 1, 1, 1, 2, 2, 1, 1, 0, 1, 2, 0, 1, 2, 2, 1, 1, 2, 0, 0, 2, 1, 0, 1, 2, 1, 0, 2, 0, 0, 2, 1, 0, 0, 1, 1, 2, 2, 0, 0, 1, 1, 2, 2, 0, 0, 2, 1, 1, 1, 2, 2, 1, 1, 0, 0, 1, 2, 2, 1, 0, 2, 2, 1, 0, 0, 1, 2, 1, 0, 0, 2, 1, 1, 2]
End Time: Seg Jul 4 18:04:48 BRT 2016 --- run in 0:15:1 ---

==> run_hypdp_cluster.sh.o199023 <==
Best: -35.0 	[2,1,0,1,0,0,2,2,1,1,0,0,1,1,2,2,1,1,1,0,0,1,1,1,1,1,2,1,1,2,1,1,2,2,1,0,0,1,1,0,1,1,2,2,1,1,0,1,1,0,1,2,0,2,0,0,1,0,2,2,0,1,1,2,1,2,2,0,0,2,2,0,0,2,1,1,0,1,0,0,2,2,0,0,2,2,0,1,1,1,1,1,0,0,1,1,1,1]
-35.0:[2, 1, 0, 1, 0, 0, 2, 2, 1, 1, 0, 0, 1, 1, 2, 2, 1, 1, 1, 0, 0, 1, 1, 1, 1, 1, 2, 1, 1, 2, 1, 1, 2, 2, 1, 0, 0, 1, 1, 0, 1, 1, 2, 2, 1, 1, 0, 1, 1, 0, 1, 2, 0, 2, 0, 0, 1, 0, 2, 2, 0, 1, 1, 2, 1, 2, 2, 0, 0, 2, 2, 0, 0, 2, 1, 1, 0, 1, 0, 0, 2, 2, 0, 0, 2, 2, 0, 1, 1, 1, 1, 1, 0, 0, 1, 1, 1, 1]
End Time: Seg Jul 4 18:01:24 BRT 2016 --- run in 0:10:57 ---

==> run_hypdp_cluster.sh.o199024 <==
Best: -36.0 	[1,0,1,0,1,2,2,1,1,0,2,1,2,2,0,2,0,1,0,0,2,0,2,1,1,2,1,0,0,1,1,1,0,0,2,1,2,2,0,1,0,0,2,1,2,2,0,0,1,1,0,1,1,2,2,1,0,1,0,0,2,2,1,2,1,1,0,1,0,0,2,1,2,0,0,1,1,2,2,0,2,2,0,0,1,1,0,0,2,1,2,1,1,2,1,2,2,0]
-36.0:[1, 0, 1, 0, 1, 2, 2, 1, 1, 0, 2, 1, 2, 2, 0, 2, 0, 1, 0, 0, 2, 0, 2, 1, 1, 2, 1, 0, 0, 1, 1, 1, 0, 0, 2, 1, 2, 2, 0, 1, 0, 0, 2, 1, 2, 2, 0, 0, 1, 1, 0, 1, 1, 2, 2, 1, 0, 1, 0, 0, 2, 2, 1, 2, 1, 1, 0, 1, 0, 0, 2, 1, 2, 0, 0, 1, 1, 2, 2, 0, 2, 2, 0, 0, 1, 1, 0, 0, 2, 1, 2, 1, 1, 2, 1, 2, 2, 0]
End Time: Seg Jul 4 18:02:07 BRT 2016 --- run in 0:11:10 ---

==> run_hypdp_cluster.sh.o199025 <==
Best: -31.0 	[0,0,1,1,1,2,2,1,0,1,1,0,0,1,2,2,1,1,0,0,2,2,0,2,2,1,0,1,1,0,0,1,2,1,0,1,2,0,0,2,1,2,2,0,0,2,1,0,2,2,1,0,1,2,2,1,1,0,1,1,0,2,2,1,2,1,1,1,0,0,1,2,0,1,1,2,0,0,1,0,2,1,2,1,0,0,1,2,0,1,1,2,2,1,1,1,2,0]
-31.0:[0, 0, 1, 1, 1, 2, 2, 1, 0, 1, 1, 0, 0, 1, 2, 2, 1, 1, 0, 0, 2, 2, 0, 2, 2, 1, 0, 1, 1, 0, 0, 1, 2, 1, 0, 1, 2, 0, 0, 2, 1, 2, 2, 0, 0, 2, 1, 0, 2, 2, 1, 0, 1, 2, 2, 1, 1, 0, 1, 1, 0, 2, 2, 1, 2, 1, 1, 1, 0, 0, 1, 2, 0, 1, 1, 2, 0, 0, 1, 0, 2, 1, 2, 1, 0, 0, 1, 2, 0, 1, 1, 2, 2, 1, 1, 1, 2, 0]
End Time: Seg Jul 4 18:01:39 BRT 2016 --- run in 0:10:27 ---

==> run_hypdp_cluster.sh.o199026 <==
Best: -34.0 	[0,1,2,1,0,0,1,1,1,1,2,2,1,1,0,2,2,0,0,2,0,1,0,1,1,0,2,1,2,0,2,2,1,1,1,0,0,1,2,2,1,1,2,1,0,0,2,2,1,0,1,0,0,2,2,1,0,0,1,2,1,1,0,1,0,0,2,1,2,2,0,2,1,1,2,1,0,1,1,2,2,1,0,0,1,2,0,0,1,1,1,2,2,1,0,2,2,0]
-34.0:[0, 1, 2, 1, 0, 0, 1, 1, 1, 1, 2, 2, 1, 1, 0, 2, 2, 0, 0, 2, 0, 1, 0, 1, 1, 0, 2, 1, 2, 0, 2, 2, 1, 1, 1, 0, 0, 1, 2, 2, 1, 1, 2, 1, 0, 0, 2, 2, 1, 0, 1, 0, 0, 2, 2, 1, 0, 0, 1, 2, 1, 1, 0, 1, 0, 0, 2, 1, 2, 2, 0, 2, 1, 1, 2, 1, 0, 1, 1, 2, 2, 1, 0, 0, 1, 2, 0, 0, 1, 1, 1, 2, 2, 1, 0, 2, 2, 0]
End Time: Seg Jul 4 18:03:51 BRT 2016 --- run in 0:11:54 ---

==> run_hypdp_cluster.sh.o199027 <==
Best: -38.0 	[1,0,1,1,2,1,1,1,2,1,1,2,1,2,2,0,0,1,0,1,1,0,2,0,0,2,1,1,0,1,2,0,0,1,2,1,0,1,2,1,2,2,0,1,0,2,0,1,2,0,2,2,0,2,2,1,0,0,2,0,1,2,2,1,1,2,0,0,2,0,0,1,2,1,0,0,1,2,1,1,2,1,0,0,1,1,2,1,1,1,1,2,1,2,2,0,1,1]
-38.0:[1, 0, 1, 1, 2, 1, 1, 1, 2, 1, 1, 2, 1, 2, 2, 0, 0, 1, 0, 1, 1, 0, 2, 0, 0, 2, 1, 1, 0, 1, 2, 0, 0, 1, 2, 1, 0, 1, 2, 1, 2, 2, 0, 1, 0, 2, 0, 1, 2, 0, 2, 2, 0, 2, 2, 1, 0, 0, 2, 0, 1, 2, 2, 1, 1, 2, 0, 0, 2, 0, 0, 1, 2, 1, 0, 0, 1, 2, 1, 1, 2, 1, 0, 0, 1, 1, 2, 1, 1, 1, 1, 2, 1, 2, 2, 0, 1, 1]
End Time: Seg Jul 4 18:03:22 BRT 2016 --- run in 0:11:10 ---

==> run_hypdp_cluster.sh.o199028 <==
Best: -37.0 	[2,1,1,1,2,2,1,1,0,1,1,0,1,0,0,2,2,1,2,0,2,0,0,1,0,2,2,0,2,1,2,0,2,2,1,0,1,0,0,2,2,0,2,2,1,1,1,1,1,0,0,1,1,2,0,0,2,1,1,1,2,0,0,1,0,1,2,1,0,2,2,1,1,2,2,0,0,1,2,0,2,2,0,1,2,1,0,0,1,2,2,0,2,2,0,2,1,1]
-37.0:[2, 1, 1, 1, 2, 2, 1, 1, 0, 1, 1, 0, 1, 0, 0, 2, 2, 1, 2, 0, 2, 0, 0, 1, 0, 2, 2, 0, 2, 1, 2, 0, 2, 2, 1, 0, 1, 0, 0, 2, 2, 0, 2, 2, 1, 1, 1, 1, 1, 0, 0, 1, 1, 2, 0, 0, 2, 1, 1, 1, 2, 0, 0, 1, 0, 1, 2, 1, 0, 2, 2, 1, 1, 2, 2, 0, 0, 1, 2, 0, 2, 2, 0, 1, 2, 1, 0, 0, 1, 2, 2, 0, 2, 2, 0, 2, 1, 1]
End Time: Seg Jul 4 18:04:19 BRT 2016 --- run in 0:11:7 ---

==> run_hypdp_cluster.sh.o199029 <==
Best: -39.0 	[1,1,2,1,0,0,1,1,1,1,2,2,1,1,0,0,1,2,2,1,1,2,1,0,1,1,1,2,0,1,0,0,2,0,1,1,1,2,1,1,2,2,1,0,1,0,0,2,1,1,2,0,2,2,1,0,1,2,0,1,1,0,1,1,0,0,1,2,2,1,1,2,0,2,2,0,2,1,1,1,1,1,1,2,2,1,0,1,1,1,1,0,0,2,0,0,2,1]
-39.0:[1, 1, 2, 1, 0, 0, 1, 1, 1, 1, 2, 2, 1, 1, 0, 0, 1, 2, 2, 1, 1, 2, 1, 0, 1, 1, 1, 2, 0, 1, 0, 0, 2, 0, 1, 1, 1, 2, 1, 1, 2, 2, 1, 0, 1, 0, 0, 2, 1, 1, 2, 0, 2, 2, 1, 0, 1, 2, 0, 1, 1, 0, 1, 1, 0, 0, 1, 2, 2, 1, 1, 2, 0, 2, 2, 0, 2, 1, 1, 1, 1, 1, 1, 2, 2, 1, 0, 1, 1, 1, 1, 0, 0, 2, 0, 0, 2, 1]
End Time: Seg Jul 4 18:04:52 BRT 2016 --- run in 0:11:10 ---

==> run_hypdp_cluster.sh.o199030 <==
Best: -37.0 	[1,0,2,1,0,0,1,2,2,1,0,0,1,1,2,2,1,1,0,0,1,2,2,1,1,2,1,1,1,1,0,0,1,1,1,1,1,0,1,2,0,0,2,1,2,2,0,2,1,1,2,0,1,1,1,2,1,1,2,2,0,0,1,1,1,1,0,0,1,1,2,1,1,2,1,2,2,0,0,1,0,1,2,2,1,0,2,0,2,1,1,2,1,2,2,0,0,2]
-37.0:[1, 0, 2, 1, 0, 0, 1, 2, 2, 1, 0, 0, 1, 1, 2, 2, 1, 1, 0, 0, 1, 2, 2, 1, 1, 2, 1, 1, 1, 1, 0, 0, 1, 1, 1, 1, 1, 0, 1, 2, 0, 0, 2, 1, 2, 2, 0, 2, 1, 1, 2, 0, 1, 1, 1, 2, 1, 1, 2, 2, 0, 0, 1, 1, 1, 1, 0, 0, 1, 1, 2, 1, 1, 2, 1, 2, 2, 0, 0, 1, 0, 1, 2, 2, 1, 0, 2, 0, 2, 1, 1, 2, 1, 2, 2, 0, 0, 2]
End Time: Seg Jul 4 18:05:20 BRT 2016 --- run in 0:11:8 ---

==> run_hypdp_cluster.sh.o199031 <==
Best: -38.0 	[0,1,1,1,0,0,2,0,0,2,2,1,2,1,0,0,2,2,0,0,1,0,1,2,0,1,2,1,1,1,1,2,2,1,1,1,0,0,1,1,2,2,1,1,1,0,0,1,1,2,2,1,1,0,1,2,1,1,2,2,1,0,0,1,1,1,2,2,0,0,1,1,1,1,1,0,0,1,1,1,2,1,2,0,0,1,0,2,2,1,0,2,1,2,2,0,2,0]
-38.0:[0, 1, 1, 1, 0, 0, 2, 0, 0, 2, 2, 1, 2, 1, 0, 0, 2, 2, 0, 0, 1, 0, 1, 2, 0, 1, 2, 1, 1, 1, 1, 2, 2, 1, 1, 1, 0, 0, 1, 1, 2, 2, 1, 1, 1, 0, 0, 1, 1, 2, 2, 1, 1, 0, 1, 2, 1, 1, 2, 2, 1, 0, 0, 1, 1, 1, 2, 2, 0, 0, 1, 1, 1, 1, 1, 0, 0, 1, 1, 1, 2, 1, 2, 0, 0, 1, 0, 2, 2, 1, 0, 2, 1, 2, 2, 0, 2, 0]
End Time: Seg Jul 4 18:06:24 BRT 2016 --- run in 0:11:12 ---

==> run_hypdp_cluster.sh.o199032 <==
Best: -38.0 	[2,2,1,1,0,0,2,2,0,2,0,0,1,0,2,0,1,2,2,1,1,2,0,2,1,0,0,1,1,2,0,1,0,1,2,2,0,0,1,1,0,0,2,2,0,2,1,1,2,0,1,2,2,1,1,2,0,0,1,0,1,2,2,1,1,1,1,0,0,1,1,1,2,2,1,1,1,1,2,1,0,0,1,2,0,1,2,2,1,1,1,0,0,2,0,0,2,1]
-38.0:[2, 2, 1, 1, 0, 0, 2, 2, 0, 2, 0, 0, 1, 0, 2, 0, 1, 2, 2, 1, 1, 2, 0, 2, 1, 0, 0, 1, 1, 2, 0, 1, 0, 1, 2, 2, 0, 0, 1, 1, 0, 0, 2, 2, 0, 2, 1, 1, 2, 0, 1, 2, 2, 1, 1, 2, 0, 0, 1, 0, 1, 2, 2, 1, 1, 1, 1, 0, 0, 1, 1, 1, 2, 2, 1, 1, 1, 1, 2, 1, 0, 0, 1, 2, 0, 1, 2, 2, 1, 1, 1, 0, 0, 2, 0, 0, 2, 1]
End Time: Seg Jul 4 18:06:40 BRT 2016 --- run in 0:11:13 ---

==> run_hypdp_cluster.sh.o199033 <==
Best: -37.0 	[1,2,2,1,0,0,1,2,2,1,0,0,1,2,1,2,2,0,0,1,1,0,0,2,2,1,1,0,2,2,1,1,1,1,1,0,0,2,2,1,0,2,2,0,0,2,2,0,1,1,2,1,1,1,2,2,1,1,0,0,1,2,2,1,0,1,1,0,0,1,2,2,1,1,0,0,1,2,1,0,0,1,2,2,1,1,2,1,0,1,2,2,1,0,2,1,2,2]
-37.0:[1, 2, 2, 1, 0, 0, 1, 2, 2, 1, 0, 0, 1, 2, 1, 2, 2, 0, 0, 1, 1, 0, 0, 2, 2, 1, 1, 0, 2, 2, 1, 1, 1, 1, 1, 0, 0, 2, 2, 1, 0, 2, 2, 0, 0, 2, 2, 0, 1, 1, 2, 1, 1, 1, 2, 2, 1, 1, 0, 0, 1, 2, 2, 1, 0, 1, 1, 0, 0, 1, 2, 2, 1, 1, 0, 0, 1, 2, 1, 0, 0, 1, 2, 2, 1, 1, 2, 1, 0, 1, 2, 2, 1, 0, 2, 1, 2, 2]
End Time: Seg Jul 4 18:10:03 BRT 2016 --- run in 0:12:51 ---

==> run_hypdp_cluster.sh.o199034 <==
Best: -37.0 	[1,1,1,0,2,2,1,2,1,0,1,1,0,1,0,0,2,2,1,0,2,2,1,1,2,0,1,1,0,1,1,1,0,1,1,0,0,1,2,1,2,2,0,1,2,1,1,1,1,1,0,1,0,0,2,2,1,1,0,0,1,1,2,2,1,0,0,1,2,2,1,0,1,2,1,2,2,0,1,1,0,1,0,0,2,2,0,1,2,1,1,0,1,0,1,0,2,1]
-37.0:[1, 1, 1, 0, 2, 2, 1, 2, 1, 0, 1, 1, 0, 1, 0, 0, 2, 2, 1, 0, 2, 2, 1, 1, 2, 0, 1, 1, 0, 1, 1, 1, 0, 1, 1, 0, 0, 1, 2, 1, 2, 2, 0, 1, 2, 1, 1, 1, 1, 1, 0, 1, 0, 0, 2, 2, 1, 1, 0, 0, 1, 1, 2, 2, 1, 0, 0, 1, 2, 2, 1, 0, 1, 2, 1, 2, 2, 0, 1, 1, 0, 1, 0, 0, 2, 2, 0, 1, 2, 1, 1, 0, 1, 0, 1, 0, 2, 1]
End Time: Seg Jul 4 18:09:11 BRT 2016 --- run in 0:11:29 ---

==> run_hypdp_cluster.sh.o199035 <==
Best: -38.0 	[1,1,2,0,1,0,0,2,0,1,2,1,2,2,0,0,2,2,1,0,0,1,1,0,2,1,1,1,1,2,1,1,2,1,1,2,2,1,0,0,1,1,0,1,1,1,1,1,0,2,2,1,2,0,1,2,2,1,0,0,1,2,1,2,2,0,0,1,0,1,1,0,2,1,0,0,1,2,2,1,0,1,2,1,2,2,0,0,1,1,2,1,1,2,2,1,0,1]
-38.0:[1, 1, 2, 0, 1, 0, 0, 2, 0, 1, 2, 1, 2, 2, 0, 0, 2, 2, 1, 0, 0, 1, 1, 0, 2, 1, 1, 1, 1, 2, 1, 1, 2, 1, 1, 2, 2, 1, 0, 0, 1, 1, 0, 1, 1, 1, 1, 1, 0, 2, 2, 1, 2, 0, 1, 2, 2, 1, 0, 0, 1, 2, 1, 2, 2, 0, 0, 1, 0, 1, 1, 0, 2, 1, 0, 0, 1, 2, 2, 1, 0, 1, 2, 1, 2, 2, 0, 0, 1, 1, 2, 1, 1, 2, 2, 1, 0, 1]
End Time: Seg Jul 4 18:11:24 BRT 2016 --- run in 0:10:57 ---

==> run_hypdp_cluster.sh.o199036 <==
Best: -39.0 	[0,1,1,1,1,2,0,0,2,1,2,2,0,1,2,2,0,0,2,2,1,0,0,1,1,1,1,1,0,2,2,1,2,1,1,1,1,0,1,1,2,2,1,1,0,0,1,1,2,0,1,1,1,0,0,1,2,2,0,0,1,2,0,1,1,2,2,1,1,0,1,0,2,2,1,2,1,1,1,0,0,1,1,2,2,1,1,1,0,2,0,1,1,0,0,1,2,0]
-39.0:[0, 1, 1, 1, 1, 2, 0, 0, 2, 1, 2, 2, 0, 1, 2, 2, 0, 0, 2, 2, 1, 0, 0, 1, 1, 1, 1, 1, 0, 2, 2, 1, 2, 1, 1, 1, 1, 0, 1, 1, 2, 2, 1, 1, 0, 0, 1, 1, 2, 0, 1, 1, 1, 0, 0, 1, 2, 2, 0, 0, 1, 2, 0, 1, 1, 2, 2, 1, 1, 0, 1, 0, 2, 2, 1, 2, 1, 1, 1, 0, 0, 1, 1, 2, 2, 1, 1, 1, 0, 2, 0, 1, 1, 0, 0, 1, 2, 0]
End Time: Seg Jul 4 18:11:26 BRT 2016 --- run in 0:10:59 ---

==> run_hypdp_cluster.sh.o199037 <==
Best: -36.0 	[2,1,1,1,2,2,1,0,1,2,0,0,2,1,0,0,1,1,1,2,1,0,1,1,2,1,1,1,2,1,1,2,2,0,2,0,0,1,0,2,2,1,1,0,1,0,0,2,2,0,0,2,0,2,2,0,1,2,0,1,1,0,0,1,2,2,0,0,1,0,2,2,1,2,1,0,1,2,2,1,0,0,2,2,1,2,0,0,2,1,0,0,2,1,0,0,1,2]
-36.0:[2, 1, 1, 1, 2, 2, 1, 0, 1, 2, 0, 0, 2, 1, 0, 0, 1, 1, 1, 2, 1, 0, 1, 1, 2, 1, 1, 1, 2, 1, 1, 2, 2, 0, 2, 0, 0, 1, 0, 2, 2, 1, 1, 0, 1, 0, 0, 2, 2, 0, 0, 2, 0, 2, 2, 0, 1, 2, 0, 1, 1, 0, 0, 1, 2, 2, 0, 0, 1, 0, 2, 2, 1, 2, 1, 0, 1, 2, 2, 1, 0, 0, 2, 2, 1, 2, 0, 0, 2, 1, 0, 0, 2, 1, 0, 0, 1, 2]
End Time: Seg Jul 4 18:11:40 BRT 2016 --- run in 0:11:13 ---

==> run_hypdp_cluster.sh.o199038 <==
Best: -37.0 	[1,2,2,1,0,0,2,1,0,1,0,0,2,2,0,1,2,1,1,2,2,0,0,1,2,1,1,1,0,0,1,1,1,1,0,2,2,1,1,1,0,0,1,2,2,1,0,1,1,1,1,0,0,2,1,1,1,0,1,0,1,1,1,2,2,1,1,0,0,2,2,1,2,1,0,1,0,0,2,2,1,2,0,2,2,0,2,0,0,1,2,1,2,2,0,1,2,1]
-37.0:[1, 2, 2, 1, 0, 0, 2, 1, 0, 1, 0, 0, 2, 2, 0, 1, 2, 1, 1, 2, 2, 0, 0, 1, 2, 1, 1, 1, 0, 0, 1, 1, 1, 1, 0, 2, 2, 1, 1, 1, 0, 0, 1, 2, 2, 1, 0, 1, 1, 1, 1, 0, 0, 2, 1, 1, 1, 0, 1, 0, 1, 1, 1, 2, 2, 1, 1, 0, 0, 2, 2, 1, 2, 1, 0, 1, 0, 0, 2, 2, 1, 2, 0, 2, 2, 0, 2, 0, 0, 1, 2, 1, 2, 2, 0, 1, 2, 1]
End Time: Seg Jul 4 18:11:50 BRT 2016 --- run in 0:10:53 ---

==> run_hypdp_cluster.sh.o199039 <==
Best: -37.0 	[2,2,1,1,0,0,1,2,2,1,0,0,1,1,0,1,2,2,1,0,0,1,2,2,1,0,1,2,0,2,2,1,2,0,1,1,1,1,0,1,2,1,2,2,0,0,1,1,1,0,1,0,0,2,2,1,0,2,0,0,2,2,0,0,1,1,2,1,2,2,0,0,2,2,0,2,1,0,0,1,1,0,2,0,1,2,2,1,1,1,1,0,0,2,0,1,0,2]
-37.0:[2, 2, 1, 1, 0, 0, 1, 2, 2, 1, 0, 0, 1, 1, 0, 1, 2, 2, 1, 0, 0, 1, 2, 2, 1, 0, 1, 2, 0, 2, 2, 1, 2, 0, 1, 1, 1, 1, 0, 1, 2, 1, 2, 2, 0, 0, 1, 1, 1, 0, 1, 0, 0, 2, 2, 1, 0, 2, 0, 0, 2, 2, 0, 0, 1, 1, 2, 1, 2, 2, 0, 0, 2, 2, 0, 2, 1, 0, 0, 1, 1, 0, 2, 0, 1, 2, 2, 1, 1, 1, 1, 0, 0, 2, 0, 1, 0, 2]
End Time: Seg Jul 4 18:12:19 BRT 2016 --- run in 0:10:52 ---

==> run_hypdp_cluster.sh.o199040 <==
Best: -37.0 	[2,0,1,1,0,0,1,2,1,0,2,1,1,1,2,2,0,2,2,0,0,2,1,0,1,1,1,2,0,1,0,0,2,0,2,1,0,1,0,0,2,2,1,2,1,1,2,0,2,1,0,2,2,0,0,2,1,0,2,2,0,2,1,1,1,2,2,1,1,0,0,2,1,0,0,1,2,1,0,1,1,2,0,2,2,1,2,0,1,1,2,0,2,0,2,1,0,1]
-37.0:[2, 0, 1, 1, 0, 0, 1, 2, 1, 0, 2, 1, 1, 1, 2, 2, 0, 2, 2, 0, 0, 2, 1, 0, 1, 1, 1, 2, 0, 1, 0, 0, 2, 0, 2, 1, 0, 1, 0, 0, 2, 2, 1, 2, 1, 1, 2, 0, 2, 1, 0, 2, 2, 0, 0, 2, 1, 0, 2, 2, 0, 2, 1, 1, 1, 2, 2, 1, 1, 0, 0, 2, 1, 0, 0, 1, 2, 1, 0, 1, 1, 2, 0, 2, 2, 1, 2, 0, 1, 1, 2, 0, 2, 0, 2, 1, 0, 1]
End Time: Seg Jul 4 18:12:36 BRT 2016 --- run in 0:10:54 ---

==> run_hypdp_cluster.sh.o199041 <==
Best: -41.0 	[2,0,1,0,2,2,1,2,1,1,0,0,1,1,2,2,1,0,1,2,1,2,2,0,0,1,0,2,0,1,0,1,1,1,1,0,1,2,2,0,2,2,0,2,0,0,1,0,2,2,0,0,1,1,0,2,0,2,2,1,1,0,1,1,0,1,0,0,2,2,1,2,1,1,2,1,1,1,2,1,0,0,2,0,0,2,0,1,1,1,1,1,2,2,1,1,1,1]
-41.0:[2, 0, 1, 0, 2, 2, 1, 2, 1, 1, 0, 0, 1, 1, 2, 2, 1, 0, 1, 2, 1, 2, 2, 0, 0, 1, 0, 2, 0, 1, 0, 1, 1, 1, 1, 0, 1, 2, 2, 0, 2, 2, 0, 2, 0, 0, 1, 0, 2, 2, 0, 0, 1, 1, 0, 2, 0, 2, 2, 1, 1, 0, 1, 1, 0, 1, 0, 0, 2, 2, 1, 2, 1, 1, 2, 1, 1, 1, 2, 1, 0, 0, 2, 0, 0, 2, 0, 1, 1, 1, 1, 1, 2, 2, 1, 1, 1, 1]
End Time: Seg Jul 4 18:13:25 BRT 2016 --- run in 0:11:13 ---

==> run_hypdp_cluster.sh.o199042 <==
Best: -39.0 	[2,1,2,1,0,1,1,0,2,2,0,0,1,1,1,2,2,1,1,1,0,2,2,0,0,1,0,2,0,0,2,1,0,2,2,1,1,0,1,1,0,0,1,2,1,2,2,0,1,0,2,0,1,0,0,2,1,2,2,0,0,1,1,1,2,2,0,0,1,2,2,1,1,1,2,2,0,0,1,1,1,0,2,0,0,1,0,2,2,1,0,2,1,0,0,1,2,2]
-39.0:[2, 1, 2, 1, 0, 1, 1, 0, 2, 2, 0, 0, 1, 1, 1, 2, 2, 1, 1, 1, 0, 2, 2, 0, 0, 1, 0, 2, 0, 0, 2, 1, 0, 2, 2, 1, 1, 0, 1, 1, 0, 0, 1, 2, 1, 2, 2, 0, 1, 0, 2, 0, 1, 0, 0, 2, 1, 2, 2, 0, 0, 1, 1, 1, 2, 2, 0, 0, 1, 2, 2, 1, 1, 1, 2, 2, 0, 0, 1, 1, 1, 0, 2, 0, 0, 1, 0, 2, 2, 1, 0, 2, 1, 0, 0, 1, 2, 2]
End Time: Seg Jul 4 18:17:53 BRT 2016 --- run in 0:15:6 ---

==> run_hypdp_cluster.sh.o199043 <==
Best: -40.0 	[2,1,0,1,2,2,1,1,2,1,0,0,1,1,0,2,1,2,2,0,0,2,2,0,0,2,1,2,0,1,2,2,1,1,1,1,1,0,1,1,0,0,1,2,2,1,1,2,1,1,0,1,1,1,0,1,1,1,0,0,2,2,1,1,0,1,0,0,2,2,1,2,1,1,2,1,1,1,2,1,0,1,1,1,0,0,1,1,2,1,1,0,1,1,1,0,0,1]
-40.0:[2, 1, 0, 1, 2, 2, 1, 1, 2, 1, 0, 0, 1, 1, 0, 2, 1, 2, 2, 0, 0, 2, 2, 0, 0, 2, 1, 2, 0, 1, 2, 2, 1, 1, 1, 1, 1, 0, 1, 1, 0, 0, 1, 2, 2, 1, 1, 2, 1, 1, 0, 1, 1, 1, 0, 1, 1, 1, 0, 0, 2, 2, 1, 1, 0, 1, 0, 0, 2, 2, 1, 2, 1, 1, 2, 1, 1, 1, 2, 1, 0, 1, 1, 1, 0, 0, 1, 1, 2, 1, 1, 0, 1, 1, 1, 0, 0, 1]
End Time: Seg Jul 4 18:18:05 BRT 2016 --- run in 0:15:3 ---

==> run_hypdp_cluster.sh.o199044 <==
Best: -40.0 	[0,2,1,0,1,2,1,0,2,1,1,2,1,2,2,0,0,2,1,0,0,1,1,1,1,1,1,1,1,2,2,1,1,1,1,1,1,1,0,1,2,1,2,2,0,0,1,0,1,1,1,1,0,0,2,1,0,2,1,0,0,2,2,1,2,1,1,0,0,1,1,2,1,2,2,0,1,0,2,2,0,1,2,2,1,0,0,1,2,1,1,2,2,0,1,2,2,1]
-40.0:[0, 2, 1, 0, 1, 2, 1, 0, 2, 1, 1, 2, 1, 2, 2, 0, 0, 2, 1, 0, 0, 1, 1, 1, 1, 1, 1, 1, 1, 2, 2, 1, 1, 1, 1, 1, 1, 1, 0, 1, 2, 1, 2, 2, 0, 0, 1, 0, 1, 1, 1, 1, 0, 0, 2, 1, 0, 2, 1, 0, 0, 2, 2, 1, 2, 1, 1, 0, 0, 1, 1, 2, 1, 2, 2, 0, 1, 0, 2, 2, 0, 1, 2, 2, 1, 0, 0, 1, 2, 1, 1, 2, 2, 0, 1, 2, 2, 1]
End Time: Seg Jul 4 18:14:47 BRT 2016 --- run in 0:11:20 ---

==> run_hypdp_cluster.sh.o199045 <==
Best: -36.0 	[1,1,2,1,0,0,1,1,0,1,2,2,1,1,2,1,1,1,1,0,1,0,0,2,2,0,0,2,1,2,1,2,1,1,0,1,2,2,1,0,1,0,0,2,2,1,2,1,1,0,0,2,2,0,0,1,1,1,0,0,2,2,1,2,0,0,1,1,0,0,2,2,1,2,1,1,1,2,1,0,0,1,2,0,0,2,0,2,2,0,0,2,0,0,1,1,1,0]
-36.0:[1, 1, 2, 1, 0, 0, 1, 1, 0, 1, 2, 2, 1, 1, 2, 1, 1, 1, 1, 0, 1, 0, 0, 2, 2, 0, 0, 2, 1, 2, 1, 2, 1, 1, 0, 1, 2, 2, 1, 0, 1, 0, 0, 2, 2, 1, 2, 1, 1, 0, 0, 2, 2, 0, 0, 1, 1, 1, 0, 0, 2, 2, 1, 2, 0, 0, 1, 1, 0, 0, 2, 2, 1, 2, 1, 1, 1, 2, 1, 0, 0, 1, 2, 0, 0, 2, 0, 2, 2, 0, 0, 2, 0, 0, 1, 1, 1, 0]
End Time: Seg Jul 4 18:22:31 BRT 2016 --- run in 0:19:14 ---

==> run_hypdp_cluster.sh.o199046 <==
Best: -37.0 	[2,1,2,2,0,0,1,0,1,1,1,1,1,1,2,2,0,2,2,0,0,2,2,0,1,0,1,1,1,2,2,1,1,1,0,1,0,1,2,1,2,2,0,0,1,0,1,1,1,2,2,0,0,2,2,1,2,0,1,2,0,2,1,1,1,0,1,0,0,2,1,1,1,2,2,1,1,0,0,1,2,1,1,2,2,1,0,0,2,1,1,2,2,0,0,2,1,1]
-37.0:[2, 1, 2, 2, 0, 0, 1, 0, 1, 1, 1, 1, 1, 1, 2, 2, 0, 2, 2, 0, 0, 2, 2, 0, 1, 0, 1, 1, 1, 2, 2, 1, 1, 1, 0, 1, 0, 1, 2, 1, 2, 2, 0, 0, 1, 0, 1, 1, 1, 2, 2, 0, 0, 2, 2, 1, 2, 0, 1, 2, 0, 2, 1, 1, 1, 0, 1, 0, 0, 2, 1, 1, 1, 2, 2, 1, 1, 0, 0, 1, 2, 1, 1, 2, 2, 1, 0, 0, 2, 1, 1, 2, 2, 0, 0, 2, 1, 1]
End Time: Seg Jul 4 18:18:36 BRT 2016 --- run in 0:15:19 ---

==> run_hypdp_cluster.sh.o199047 <==
Best: -36.0 	[1,0,1,1,2,2,1,1,1,2,0,0,1,0,1,1,1,2,2,0,2,2,0,1,0,1,0,1,1,1,0,2,2,1,0,2,2,1,2,0,1,0,0,2,0,1,2,2,0,1,1,1,0,0,1,1,2,0,1,2,1,0,0,2,2,1,2,1,0,2,2,1,1,0,0,1,1,1,0,1,2,2,0,0,1,0,1,1,2,2,1,0,0,1,1,1,1,1]
-36.0:[1, 0, 1, 1, 2, 2, 1, 1, 1, 2, 0, 0, 1, 0, 1, 1, 1, 2, 2, 0, 2, 2, 0, 1, 0, 1, 0, 1, 1, 1, 0, 2, 2, 1, 0, 2, 2, 1, 2, 0, 1, 0, 0, 2, 0, 1, 2, 2, 0, 1, 1, 1, 0, 0, 1, 1, 2, 0, 1, 2, 1, 0, 0, 2, 2, 1, 2, 1, 0, 2, 2, 1, 1, 0, 0, 1, 1, 1, 0, 1, 2, 2, 0, 0, 1, 0, 1, 1, 2, 2, 1, 0, 0, 1, 1, 1, 1, 1]
End Time: Seg Jul 4 18:25:55 BRT 2016 --- run in 0:22:23 ---

==> run_hypdp_cluster.sh.o199048 <==
Best: -36.0 	[0,1,0,1,2,1,2,2,0,1,0,0,2,1,1,1,0,0,2,1,0,0,1,2,2,1,1,2,1,0,2,2,0,2,2,0,0,2,1,1,0,0,1,2,2,1,1,0,2,0,2,0,1,1,2,2,1,1,0,1,1,0,0,1,2,1,2,2,0,0,1,0,2,2,0,0,1,2,2,1,1,2,0,2,1,2,0,1,1,1,0,0,2,1,0,0,1,2]
-36.0:[0, 1, 0, 1, 2, 1, 2, 2, 0, 1, 0, 0, 2, 1, 1, 1, 0, 0, 2, 1, 0, 0, 1, 2, 2, 1, 1, 2, 1, 0, 2, 2, 0, 2, 2, 0, 0, 2, 1, 1, 0, 0, 1, 2, 2, 1, 1, 0, 2, 0, 2, 0, 1, 1, 2, 2, 1, 1, 0, 1, 1, 0, 0, 1, 2, 1, 2, 2, 0, 0, 1, 0, 2, 2, 0, 0, 1, 2, 2, 1, 1, 2, 0, 2, 1, 2, 0, 1, 1, 1, 0, 0, 2, 1, 0, 0, 1, 2]
End Time: Seg Jul 4 18:15:48 BRT 2016 --- run in 0:11:51 ---
